0.544260183555
0.10448312576
0.0996910957334
0.0973797736597
0.0708733930761
0.0649430496471
0.0571632817673
0.0815827325416
0.0783285313495
0.0781217728035
0.0790443213252
0.0763772561483
0.0783288387838
0.0814428293536
0.094880151617
0.0987033853642
0.103954725428
0.110756136316
0.118308074348
0.100294115271
0.0996089329402
0.0881982599813
0.0901974164269
0.0810844722014
0.0826552615974
0.0787801161715
0.0770706607852
0.0812908662217
0.0801411116533
0.0856959076705
0.0799964314087
0.0834011619638
0.0800670983228
0.0826829208401
0.0761138021909
0.0742822124265
0.0774258649177
0.0794190701218
0.0783094314885
0.0796949989526
0.0787867521699
0.0813217940107
0.0796270471332
0.082826981236
0.0826578449447
0.0808997937837
0.0828563155676
0.0822191801309
0.0830533160784
0.085073852443
0.0879876158063
0.0912969921885
0.0943092159226
0.0975970814698
0.0973914090731
0.0974800516427
0.0964605164798
0.0964531282194
0.0969637877793
0.0979586906859
0.096211990953
0.0978702557413
0.0988489282118
0.101186722272
0.102756968509
0.101405374248
0.103476227163
0.106984190721
0.108532763318
0.117466056262
0.109146120233
0.107457147187
0.10777800268
0.108646885035
0.110081110324
0.108357286889
0.105971602619
0.102596331218
0.103132461501
0.102918105213
0.104172059758
0.113078312779
0.103013097414
0.101805386212
0.102032159796
0.110823339525
0.102344474587
0.102172667173
0.103578821278
0.102913050716
0.103519142723
0.104824131172
0.102675616545
0.100330728967
0.0976864803823
0.0981100780335
0.0981633193195
0.0957369904722
0.0961433915396
0.0940529038574
0.0915813602408
0.0892087258921
0.0869776152112
0.087598249389
0.0882606104239
0.0876574664506
0.0865426161231
0.0848631930635
0.085663912012
0.0860135639752
0.0868849629368
0.0861466056153
0.0870856369173
0.0851938592321
0.0838859315513
0.0820198435109
0.0825768673002
0.0814733081599
0.0813543022605
0.0799683471777
0.0785497701735
0.0780530035796
0.0788781684276
0.0801305335053
0.0784574256673
0.0768350475619
0.0756016005957
0.0744165560389
0.0736582400441
0.0732266665117
0.0805840927153
0.0749278479169
0.0755080074162
0.0761565988371
0.075068838588
0.0756895054234
0.0763335810208
0.0830507639941
0.0752649403548
0.0758548461433
0.0765547663812
0.0771557833291
0.0779674498205
0.0769833227012
0.0772466544269
0.0789083050136
0.0775427940857
0.0777245925946
0.0784097840234
0.0865407526143
0.0783115131901
0.0791239899246
0.079063293014
0.079367636554
0.078311472196
0.0836575839544
0.0887934927305
0.087584741376
0.080314950599
0.0846927445672
0.0786787147988
0.078483514544
0.0853456263375
0.0790455375869
0.0797815732802
0.0786900150229
0.0845110834162
0.0829350134511
0.0780855607097
0.0843411935615
0.079006580945
0.0838485517883
0.0796024781206
0.0793212942725
0.0799138287574
0.0799549983785
0.0788004141603
0.0851402341105
0.0779503529526
0.0825251318867
0.0858521249613
0.0835135700214
0.0875505344782
0.0784679574095
0.0777341818827
0.0788412620674
0.0793138569007
0.0887003463283
0.0806531611147
0.079859210819
0.0800677365605
0.0863010468901
0.085569484911
0.0784602978536
0.0785273798745
0.0790905172865
0.0786384835445
0.079235417957
0.0853520523073
0.0840746058091
0.0827039055512
0.0823382308081
0.0825672640892
0.081824755638
0.084517950203
0.0859590371483
0.0843560318952
0.0812040680773
0.0845989695239
0.081429681933
0.0841880108126
0.0798781652069
0.082562068348
0.0846580150107
0.0818152592543
0.0858355729209
0.0827476242363
0.079398227001
0.0785456929339
0.0821973968251
0.0834243341916
0.0825033783123
0.0828045999516
0.0869421945394
0.0824205161327
0.0819620346454
0.0785893718991
0.0847506440453
0.0790614021247
0.0794270875032
0.0799609168581
0.0842728340056
0.0880451261613
0.0836408889352
0.0796640033427
0.0855907611081
0.0852122398073
0.0789419582396
0.0790625265419
0.0886274506799
0.0863705467398
0.0824477431425
0.0817242091612
0.0829339862159
0.0801131244727
0.0800236545725
0.0847289998111
0.0797413449161
0.0832011451355
0.0858682482337
0.0835887932682
0.0792074185497
0.0826712853961
0.0855289446134
0.0833137191102
0.0856649626466
0.077533298435
0.0801401608133
0.0820069528301
0.0777812000881
0.0823487206895
0.078041853314
0.080141973378
0.0810567625483
0.0821471367742
0.085786330846
0.0835976949689
0.083484793833
0.0787606222389
0.0829065663315
0.0816635244415
0.0791538102831
0.0813878550382
0.082217033284
0.0858556867679
0.0830928057238
0.0824044541481
0.0805281205413
0.0833010215727
0.0842999087452
0.082972046702
0.0853133254732
0.0885203073326
0.0859511789335
0.0822828995176
0.0845540235762
0.0887350300196
0.086813575517
0.088643182085
0.092004727669
0.0891441273093
0.0892574742358
0.0886441383463
0.0874731888145
0.0879321668286
0.0825263838711
0.0920615035547
0.0859108648913
0.0816157727094
0.0861154418468
0.0889149844246
0.0855831588891
0.0879050482431
0.0826957052796
0.0824505188534
0.0839923743025
0.084503829083
0.0866226686471
0.0836400432543
0.087835621992
0.0825210196136
0.0851308627457
0.0850195134446
0.0807404149501
0.0826213680027
0.0822910639013
0.0813236001428
0.0824662829329
0.0843955746032
0.0790087713604
0.0787710497599
0.0829406214272
0.0816773498368
0.0772220111053
0.0767209152222
0.07840692867
0.0766880000714
0.0771032274468
0.0838948608321
0.0852539172715
0.0854746124673
0.0839999928089
0.0799381955604
0.0802933995544
0.0822740490905
0.0864646669935
0.0812126117479
0.0773965882085
0.0804039724109
0.0814373895334
0.0818781392412
0.0858699080495
0.0860687514654
0.0783038860799
0.08230753306
0.0840237550998
0.0823559725429
0.0877024969571
0.0851663434647
0.0855467869013
0.0876619531329
0.0835386603054
0.0863341162238
0.0872055241631
0.0835641930605
0.0831963645486
0.086074052897
0.0834017499712
0.0846581462559
0.0819653430154
0.0839670300929
0.0843804247451
0.082538916324
0.0882451533728
0.0866655911368
0.0828524507291
0.0794155662959
0.0818078785292
0.0823189919517
0.0837827779681
0.082814412862
0.0823274673394
0.0851137331002
0.0814360030508
0.0812601368905
0.0844095303532
0.0820041459053
0.0831633725782
0.0834083695093
0.0796668055999
0.0843434751622
0.0845974827155
0.0835284934064
0.0913513923561
0.0856852124705
0.0840955873854
0.0874018405918
0.0851422121508
0.0832570396709
0.0853338904251
0.0805645106848
0.0810329149278
0.0874412711342
0.0875857931282
0.081941760459
0.0887547642547
0.0821415617789
0.085590091805
0.0875024521711
0.0859765340987
0.0881391684552
0.0840816630724
0.0833355849388
0.0847410303558
0.0887939885831
0.0834610832638
0.08494255869
0.0865126884373
0.0831643059388
0.0912452443582
0.087535477046
0.0922969416454
0.0863356393837
0.0868686817219
0.0871861227619
0.0891873368966
0.0844512611709
0.0877099867661
0.0882998233413
0.0865769559661
0.0866539627036
0.0904905696753
0.0885021222827
0.0909581749119
0.0885500456245
0.0920524326601
0.0860704996672
0.0874991772501
0.0890764342049
0.0856909250369
0.0851342965733
0.0871256222035
0.0911679393248
0.0892027446688
0.0868016460383
0.0888185595241
0.0896876530931
0.0891979571288
0.089180430303
0.0872867059549
0.0908104349834
0.0869280933206
0.088648694387
0.0891597776799
0.0931726512407
0.0899891120748
0.0899638541258
0.0886657264868
0.0951772509246
0.0887427033788
0.0862485935863
0.0899314082804
0.0913903253037
0.0872436309541
0.0903341807618
0.0870233709337
0.0920364714537
0.0878242462718
0.0934721830311
0.088137693966
0.0883234274007
0.0891495786158
0.090824222034
0.0887442175608
0.0928872278062
0.0896095470415
0.0908101137292
0.0868268453268
0.0870608698498
0.0911022553198
0.0881812662487
0.0916696683116
0.0917425945968
0.0965993738373
0.0923835560366
0.0928195252845
0.0905526883171
0.0911439872392
0.0898995707702
0.0931848416927
0.0857797917902
0.0871115410167
0.0875212801725
0.090805245487
0.0911414014105
0.0900460013859
0.0940418818091
0.0883748445889
0.0922714779645
0.0927571292771
0.0887271960159
0.0883316248644
0.0902265562317
0.0875908005037
0.0885466297374
0.0921188627807
0.0944803460614
0.0967259271755
0.0928059192482
0.0906173077557
0.093697856896
0.0864064913816
0.0852849026648
0.0884843132924
0.0892129565063
0.0869787963591
0.0849824440832
0.088916281344
0.0906489803603
0.0861911294685
0.0826226750148
0.0873561614888
0.0896512635864
0.0937037575383
0.083327051423
0.0856997564057
0.0911464289792
0.0945180061644
0.0899580827332
0.0872946014795
0.0921039384611
0.0914612310863
0.0915805247732
0.0917015226015
0.0915554945392
0.0920769200352
0.0862181780856
0.0925435729079
0.0900524431996
0.0886646606093
0.0862868905067
0.0906821756034
0.0910271238798
0.0854752117049
0.0896479829215
0.0886626391438
0.0875835345609
0.0896089154711
0.0891824820074
0.0862085911615
0.0945149198426
0.0889846706287
0.0846814304198
0.0868618778424
0.0832708722252
0.0855077697306
0.0881320441228
0.0863025548197
0.0827581341775
0.084729657312
0.0858917179295
0.0895611921076
0.086485908427
0.0860201317238
0.0846207867419
0.0865569468306
0.0880469630776
0.0820171972363
0.0843587158695
0.0869491126984
0.0870764634721
0.0844379139675
0.0850356630386
0.0856385115684
0.0837709812308
0.0834703294304
0.0856437937711
0.0898306170889
0.0862077647925
0.0914127501092
0.0919205501958
0.0880268903466
0.0962162690887
0.0912398041077
0.0902444691046
0.0856817357051
0.0869109875893
0.0853273600818
0.0882692814611
0.0864935005692
0.0877218343801
0.0905572317659
0.0896163568497
0.088614549655
0.086462590946
0.0852286347518
0.0864049265869
0.0906267328282
0.0913575220177
0.0900937352479
0.0913131344436
0.0874593216779
0.0842628715453
0.0842190187291
0.0902206090144
0.0876084995397
0.0904146231143
0.0896174238815
0.0919905587141
0.0905461626556
0.0895517599119
0.0900197376564
0.0916851691885
0.0912290038279
0.0874430634263
0.082428504641
0.0881760773113
0.090761179976
0.0873766923311
0.0899051205754
0.0883535061754
0.0915643207896
0.086689795068
0.0887825052531
0.0863773541956
0.08956470146
0.0869076963244
0.0908582024797
0.0888803736271
0.0862939442996
0.0854082493609
0.0859625497782
0.0872323661734
0.0852205285026
0.0843766623258
0.0883902978095
0.0860673841814
0.0860018164068
0.0842656522106
0.0866816294463
0.0895518032857
0.0881778628648
0.0846262039108
0.0825767983968
0.0852789894835
0.0876924170993
0.0950612166276
0.088836747057
0.0910166854965
0.0984584094455
0.0939947244261
0.0939187301837
0.0902766040094
0.0921970314081
0.0891563926048
0.0902973575208
0.0896676177363
0.0873073687728
0.0900308957376
0.0922899709206
0.0875073035061
0.0932429980981
0.0882136320276
0.0934670782743
0.0914496675449
0.0942633450546
0.0895264772906
0.0941495905273
0.0894682116886
0.0905280544675
0.0929223885065
0.0920258442376
0.0925504223399
0.0892013820073
0.0907247249771
0.0910369144071
0.0935036346165
0.0915976995509
0.0938951999364
0.0928820020932
0.0915483985528
0.0914704640445
0.0932957453643
0.0931416356215
0.0910263855272
0.0909636319138
0.0975668934432
0.0888741311586
0.0873382124132
0.0883926340304
0.0894659061642
0.092494713765
0.0873072460845
0.0872746039451
0.0900792760073
0.0928934307092
0.0901122994649
0.0926533338796
0.086006070525
0.0901989593929
0.0931919667755
0.090974648123
0.0894863849727
0.0913920004371
0.0891830418278
0.0915342575836
0.0893504942264
0.0914377874895
0.0935334039964
0.0901919829599
0.0919360163545
0.0911237545786
0.0901471177426
0.0864977783566
0.0892312532488
0.0879209915561
0.0900071118013
0.0879501078604
0.0889445650188
0.08444651482
0.087269336846
0.087348777561
0.0851181880779
0.0867402177271
0.0854852777456
0.0872173439316
0.094522517448
0.0851594669778
0.089342952632
0.0904164333879
0.0948197680724
0.0911286841558
0.0878396411678
0.092581159885
0.0918718241354
0.0949208274352
0.0876142527442
0.0936716098661
0.0967533135045
0.0928871177206
0.0911124293057
0.0951744609114
0.0934576050305
0.0941082439013
0.0955909099974
0.0926769244677
0.090056145232
0.0909124889005
0.0909681408168
0.0912286379193
0.0916813406189
0.0948873198586
0.0925990263622
0.0908901181466
0.0915732011823
0.093487017512
0.0934071372335
0.091716166576
0.0927898799799
0.0880860208029
0.0906280910841
0.0876871034811
0.0902757553933
0.0914482034724
0.0904014152059
0.089777466467
0.0870576524397
0.0877028291088
0.0882416475367
0.0882365565351
0.088931286171
0.0886186950776
0.0929702919968
0.0839704794576
0.0866176689771
0.0910187417716
0.0876682163579
0.0908739172999
0.0889306103321
0.0910611903256
0.0869679775024
0.0929758891434
0.0903386376794
0.0914599072763
0.0911716369851
0.0956376178756
0.0871402197021
0.0892213656389
0.0878846075388
0.0899937416745
0.0857465757749
0.0877179489522
0.0866572339155
0.0837504250765
0.0858076794904
0.0896501205383
0.0895727493092
0.0881343464818
0.0894489048691
0.0878271250019
0.0886239528506
0.0896458532114
0.0921421843213
0.0914844469435
0.0878722459567
0.0885656505818
0.0914934250734
0.0891840481975
0.089835052341
0.0901682353254
0.0883835825694
0.0867357718322
0.090114591265
0.0895849068048
0.0892608206853
0.0840091571288
0.0911222213576
0.091396578847
0.0915453946816
0.0915586874446
0.0855929664018
0.0850868543902
0.0869797597753
0.0894241308199
0.0870340409312
0.089426753327
0.0902654169976
0.0917760457872
0.0892756928097
0.0943758971757
0.0888692538215
0.0881802106559
0.0903587402702
0.087274615176
0.0910411215488
0.0903378693009
0.0853736245044
0.0890062323346
0.0916592464657
0.088940611613
0.0884673249408
0.0907559668586
0.0912654713317
0.0879918691694
0.0851910218264
0.0873236410919
0.0893267060039
0.0912359123341
0.0900961429782
0.0916223557591
0.0890664305383
0.086983038322
0.0925433349496
0.0877980887574
0.0920432759481
0.0865966147696
0.088595001766
0.0904726624951
0.0913437290047
0.0923444607261
0.0916746444238
0.0880617330158
0.0927732064264
0.0933383870422
0.0916370798227
0.0964966209591
0.0919585071309
0.0865229459966
0.0906671682287
0.0918070181597
0.0922493975849
0.0945248221882
0.0920126239467
0.0940044013396
0.0922209879978
0.0915450247917
0.0903711590615
0.0907423620091
0.0929675161654
0.0912912256484
0.0929180307962
0.091601778757
0.0912549430346
0.0931216960099
0.0924071170078
0.0921760254483
0.0931374143154
0.0909560487209
0.0927202824399
0.0932881749639
0.0942127030127
0.0930111479281
0.0916151651841
0.094033396941
0.0928691263238
0.0895613286472
0.0952734824308
0.0904154349984
0.0950969389292
0.0918727245204
0.091683508983
0.0933983690557
0.0937151801425
0.0960511801855
0.0924390288149
0.0908425761476
0.0918407100327
0.0923018089285
0.0921282579196
0.0916045806316
0.0925275831191
0.0918804145027
0.0906786497757
0.090644780883
0.0949800051089
0.0912616044369
0.0907737380009
0.0905353598193
0.0922914767918
0.0925999602023
0.0929779576268
0.0893799638643
0.092729319187
0.0904273285758
0.0873786359794
0.0879669809288
0.0911471444294
0.0901298414566
0.0904251972763
0.0909754009527
0.0903360730531
0.0883829194996
0.0879580282275
0.0922903943982
0.0885927722688
0.0916600205394
0.0907804878946
0.0903213333652
0.0917934555305
0.0872781037225
0.0899864021249
0.0885699794522
0.0930883489047
0.0903409704827
0.0903373275388
0.0941957264607
0.0946573081258
0.0914171444143
0.0925245262584
0.0916728983081
0.093814230827
0.0955091342305
0.0931916463947
0.0917783178365
0.0958014311441
0.0918022808949
0.0916436750957
0.0937071001515
0.0969448335342
0.0940232320366
0.0934537814463
0.0947605289296
0.0950043789605
0.0939470541216
0.0935321185886
0.0927426444204
0.0935387662444
0.0959306773784
0.0928663370535
0.090780523562
0.0921069512183
0.0920435083865
0.092605378689
0.0936828366377
0.0918177019896
0.0876418353244
0.0881255033369
0.0881956998106
0.0877266861078
0.0895081460657
0.0920556011941
0.0892136232177
0.0879412890447
0.0878833773677
0.0869005131863
0.0876995875608
0.0892073070754
0.093419332078
0.089037826856
0.0903695636059
0.0870734281634
0.0887336074605
0.0897426471749
0.0873729506457
0.09310465128
0.0858821183856
0.0881810267132
0.0867251189454
0.0909717077029
0.0914641726639
0.0875866070905
0.0887804671305
0.0889367962006
0.0896215626595
0.0918436472919
0.0894822662316
0.0917385700206
0.0925266836451
0.0917638656255
0.0923177703284
