0.544260183555
0.376376183051
0.269936946002
0.196993078112
0.199391828551
0.230518933606
0.178552657451
0.177698939763
0.145211455441
0.124343559676
0.108974381418
0.0979047366809
0.104275300902
0.0874943518443
0.100780976319
0.0803861249035
0.0793854406685
0.0992627997173
0.0833379198012
0.0804101550485
0.0764347498563
0.0915427160635
0.0913698589576
0.0959106515601
0.0982914810018
0.0921744226968
0.0923145590635
0.0967588999974
0.089612960677
0.0908809041351
0.0939885746786
0.0969433656899
0.095611198048
0.0958791743632
0.0908213385209
0.0965486897838
0.0957722271238
0.0901236568403
0.0930763829515
0.100067359682
0.0961574036552
0.0956530401687
0.0961637299293
0.100227590306
0.0904790585672
0.0954789231031
0.0916256087238
0.0943412152794
0.0899901738585
0.0797544457969
0.0875255837935
0.0821576376624
0.0825617925814
0.0927904421642
0.0865587532006
0.0922253059565
0.0875157194002
0.092868504922
0.088681144076
0.0886992343926
0.0948928665639
0.0851698251098
0.0888138072956
0.0887062609908
0.0871784974386
0.0877565681877
0.0850852895246
0.0909652074927
0.0822886782643
0.0852143599219
0.0824415291791
0.0838436445453
0.0809774832582
0.0763581601588
0.0765919498053
0.0791251618762
0.0766188443853
0.0824605993413
0.07765085236
0.0772978909172
0.0909000634667
0.0864520883508
0.0841442519148
0.0866156403909
0.087061154955
0.0852846969115
0.0832854021657
0.0844600910571
0.0872461963908
0.0824353075675
0.0837296179265
0.0807687908926
0.078587541636
0.0812921733192
0.0774377992574
0.0792727048583
0.0810881946927
0.0875229308159
0.0851567117593
0.0870541723297
0.0870522095912
0.0895776482075
0.0887572013883
0.0909981297243
0.0907539154357
0.0815302421973
0.0810445498119
0.0817326953717
0.0823547984455
0.0778866492947
0.0808042598366
0.0815081065299
0.0892495434479
0.0864915460609
0.0920756470887
0.0932206141488
0.0878533171002
0.0875268452951
0.0870487931623
0.0887947198865
0.0900152591168
0.0794225263103
0.0941152295616
0.0978971078327
0.092256123315
0.0888140534321
0.0812045844371
0.0866898370496
0.0828311487762
0.0808423621266
0.0829586138372
0.0844816772712
0.0855753779383
0.0826572331657
0.0815501597111
0.0789781449616
0.0804581500357
0.0890501742896
0.0767144703122
0.0780475963124
0.0796025945431
0.0783013043495
0.078594606802
0.0829990154579
0.0857249085088
0.0845211488547
0.0855034997348
0.0814049134475
0.08194170318
0.0809148239032
0.0804620853925
0.0811345729273
0.0832878285585
0.0822358105791
0.0722244509277
0.0790451202282
0.0766006106058
0.079529721967
0.0769579896957
0.0822293907757
0.0810558670555
0.085212296382
0.0824708881947
0.0801056129961
0.0797228897599
0.0830439485325
0.0802384868161
0.0761260898454
0.0740419729962
0.0666148841413
0.0713384135403
0.0798695224183
0.0802629082478
0.0751632712747
0.0721246562135
0.0756284153174
0.0715715501617
0.0705751547219
0.0731151607781
0.0701962768603
0.0799710559378
0.0757649465905
0.0778563911179
0.0786971510902
0.0776150231603
0.0726954754008
0.0722142708579
0.0673671732158
0.0738574942296
0.0694814564399
0.0695264587241
0.0668491923152
0.068984211224
0.0719544851449
0.0758936327688
0.0689020469646
0.0736085103348
0.0748512481226
0.0745194203934
0.072837312947
0.0740278560757
0.0771336187353
0.070899898316
0.0683862861959
0.0683475219694
0.0710980387591
0.0701308380791
0.0673198054968
0.0674183539617
0.0780377666016
0.0726478062356
0.0756639424715
0.0708598195319
0.0759942880807
0.0780130443339
0.0779614698945
0.0767349874654
0.0754822988411
0.0723784675974
0.0740582790305
0.0666146097219
0.0724594169859
0.0683085928964
0.0703676423931
0.0669895808263
0.0650700795693
0.0685433138694
0.0660562492205
0.0655051297822
0.0669447223461
0.0678458131537
0.0651348452461
0.0651815461409
0.0664141422053
0.0641209806106
0.0717177996462
0.0664930697004
0.0658589190896
0.0667519190415
0.0646957393269
0.0683926445583
0.0666888293485
0.0639113435252
0.0655622944474
0.067174399187
0.0649728746624
0.0647225399965
0.0576963169572
0.064159775131
0.0561332548561
0.0647329928468
0.0719781738229
0.0710949802502
0.0658133180795
0.0675109967182
0.0713797493029
0.0708488167614
0.0695148556161
0.0701237226444
0.0699276195755
0.0675091801713
0.0698401801007
0.0648176095692
0.0641909488157
0.0686564779389
0.0646750031533
0.0665526633459
0.0639947725162
0.0656914522531
0.0666316634829
0.0623530312077
0.0675259506069
0.0622425854199
0.0686003453712
0.0657907574108
0.0634152562204
0.0663648385777
0.0646325738847
0.064216307385
0.0664252180877
0.0609747092562
0.0671330190133
0.0650400827027
0.0656261606644
0.0647044100888
0.0622329550195
0.0680007150238
0.0637998432428
0.065653319726
0.0620548109448
0.0660399100063
0.0654559520281
0.0644294223657
0.0621361509281
0.0619403448079
0.0616919087856
0.0625269412251
0.0621388018265
0.0643909455485
0.0714699912265
0.0628702361151
0.0601159800493
0.0570641059447
0.0587820068856
0.0593549601094
0.0626414738531
0.0604182977416
0.0602193140264
0.0604390991109
0.059348758682
0.0619561420194
0.0601763962413
0.0612203818706
0.0620257918834
0.0630059117843
0.0614766695945
0.06386434553
0.0599609167512
0.0605216410336
0.0587416893365
0.0568259211377
0.0614799403103
0.0615464604481
0.0637788763528
0.0637612694308
0.063888927915
0.0634840279434
0.0678363232074
0.068026460546
0.0642012459388
0.0680109528674
0.0690298301786
0.0671620172734
0.0696311751082
0.0697812654432
0.0711538810165
0.0693993309442
0.0692334767043
0.0691828954032
0.0670318536888
0.0697382790926
0.0671000463878
0.0748211755822
0.0756333935535
0.0711390410882
0.0734201457842
0.0720727431145
0.0732498922405
0.0718665336193
0.0760144673175
0.0708456054549
0.0707989155926
0.0732203554376
0.0709244820008
0.0743151441105
0.0751063066547
0.0734510601826
0.072797261123
0.0731259875276
0.0723494259458
0.07616041564
0.0745773097621
0.0745146087793
0.0724995471833
0.0741130838114
0.0748510884691
0.0738018912016
0.0737973256593
0.0743327376022
0.0755166244962
0.0776730742125
0.0720535360279
0.0741560711617
0.0754979184041
0.0710331000804
0.0728664601685
0.0698325101926
0.0738686781039
0.0736835045867
0.0715384546277
0.0724783309109
0.0737360946147
0.0742057375392
0.0732531126503
0.0738228485978
0.0745944377025
0.0714085345007
0.077049661428
0.0737231917128
0.076446590525
0.0722371349582
0.0722064464701
0.0700500985114
0.0719952628329
0.0684588328352
0.0718355086591
0.0710797988775
0.0698511137528
0.0719267676222
0.069288341123
0.0714937634507
0.0701337073816
0.0715117413093
0.0683736770647
0.0732754532259
0.0709097145931
0.0720532395917
0.0696956457542
0.067994418664
0.0699373429674
0.0705406059365
0.0690636339114
0.0684893167794
0.0721455449338
0.0712802965611
0.069847309029
0.068728382235
0.0675065811939
0.0684511836926
0.0659987487386
0.0681520954233
0.0709751237507
0.0680346508286
0.0686241948806
0.0690858786328
0.0684597374156
0.0677123259303
0.0670069080433
0.0686737564287
0.0668998833891
0.0618063064279
0.0683107495278
0.0689069360161
0.067014587787
0.0680625295086
0.0644057750744
0.0612983056734
0.0634946478156
0.0682967541668
0.0673573876625
0.0611167606524
0.0636457048475
0.0633314056435
0.0627726241622
0.0618332673328
0.062425172437
0.0619204062925
0.0613484165946
0.0700510346951
0.0662824955858
0.0664868065264
0.0676769349045
0.0684291873438
0.0674530102667
0.0701794117021
0.0643712366164
0.0682357519106
0.069181574958
0.0713022313659
0.0696857623934
0.06969033112
0.0664903808762
0.0724495074142
0.0679585536241
0.069317003382
0.0715285282238
0.0700978674864
0.0671690916077
0.0646980676328
0.0651858306756
0.067635562567
0.066319086867
0.0650128668268
0.0683564542563
0.0684653172328
0.0665645130853
0.0661212064591
0.067622077503
0.0681764872301
0.0669860650464
0.0666568586582
0.0677608200465
0.0680980386251
0.0681007152371
0.0736413502193
0.0693001019868
0.0732499065991
0.0729515100068
0.0701708304797
0.0677960701225
0.0714587246168
0.0691241039129
0.0691623329529
0.0663901542755
0.0709030802265
0.0692412633624
0.0715274886591
0.0755268730525
0.070519717221
0.0681753585381
0.0726674684511
0.0740305653125
0.0756553665515
0.0743484267607
0.0733139111893
0.0711375925488
0.0715597561424
0.0724023048213
0.0689361700836
0.0708157422577
0.0703958340482
0.0683816527107
0.0695397188445
0.0679523215692
0.069699043575
0.0699484250034
0.0692197757797
0.0716405094149
0.0703435608153
0.0709326283471
0.0706758454165
0.0713450256547
0.0709993738974
0.0697452476863
0.0683202722219
0.0667316474314
0.0686646001624
0.0695737383657
0.0722230550027
0.0676082361206
0.0697762904425
0.0690299286992
0.0674427713122
0.0689893965004
0.0679659832198
0.0676328169791
0.068891001327
0.0680537015986
0.0676092610697
0.0686299135461
0.0682173223242
0.0692742575495
0.0696680627221
0.0685797295668
0.0701948314011
0.0700048625079
0.0675039278608
0.0701200268305
0.0707142980557
0.0691547080738
0.0680051987712
0.0689748908522
0.0675553437138
0.0692878911423
0.0696446914437
0.0705857192258
0.0702835180228
0.0701969792649
0.0678394807418
0.067423454389
0.0708252457256
0.0678084574477
0.0698237021819
0.0680998008556
0.0672455050638
0.0666196118154
0.0689350173699
0.0671844634682
0.0684524939144
0.0681656421788
0.0707233384011
0.066390145059
0.0672459222919
0.0674024546682
0.0680343677046
0.0654736184529
0.0651233122922
0.0685318964725
0.0651125311144
0.0662774882647
0.0671204596583
0.0683906215197
0.0685239753974
0.066840255333
0.0696314949922
0.0689003568253
0.0689684668357
0.0683909222009
0.0684337383159
0.0665244329349
0.0664461644252
0.0657484255599
0.0676480479865
0.0691706412165
0.0646967271436
0.0646682866197
0.065196055007
0.0658673538537
0.0676117939329
0.065420953455
0.0660357127608
0.0679841562178
0.0679286089634
0.0635610897954
0.0671131480966
0.0661269287987
0.0656935425914
0.065956538838
0.0680969409033
0.0650632364746
0.0692200065573
0.0687304487806
0.0679929770512
0.0670137728235
0.0653853400875
0.0640239826691
0.0665906687703
0.0673403238832
0.0648707942621
0.0684230746446
0.0670589040975
0.0661506312861
0.0671083757941
0.0678355872289
0.0664247124011
0.0668999644132
0.0709657647404
0.0688809311265
0.0685581326911
0.0671206064057
0.0660549135809
0.0682168600227
0.0676780308305
0.0660341700767
0.0667093297971
0.0700003911368
0.0658532132328
0.0689423527178
0.069710168609
0.0699317615906
0.0665042594901
0.0669758592605
0.0691317167008
0.0688635855687
0.0684283645224
0.0696364937602
0.0689651095848
0.0679693712385
0.0664078187622
0.067309748232
0.068374897665
0.0694643540481
0.0670836280732
0.0670195539939
0.0669084188638
0.0688459473303
0.0666619669192
0.0685774005894
0.0681306258608
0.0677423734966
0.0679740778521
0.06847851117
0.0689640881189
0.0689010842421
0.0670020977555
0.0666806685023
0.0685227911836
0.069768025655
0.0704242223906
0.0710623205563
0.068640736485
0.0689873347752
0.0696181139028
0.0708500169097
0.0738095129473
0.0704296946899
0.0687164241917
0.0681812701674
0.0690727405444
0.069993652262
0.0720923289511
0.0703263091725
0.0692374132649
0.0709005897497
0.0700187290779
0.0728470833175
0.0673220502604
0.0707148463643
0.0709058637558
0.0683669210832
0.0692556014606
0.0710619486805
0.0702215676266
0.0691255980312
0.0674607215261
0.0687564617587
0.0697584044526
0.0676415420161
0.0677958587253
0.0701896440975
0.0686835041222
0.0679330828363
0.066984452788
0.0706669063476
0.0685636960451
0.0651706413161
0.0688289729856
0.0649717258043
0.0655048958223
0.0628137995721
0.0654464160291
0.0653719909788
0.0659730776983
0.0663408931286
0.0654251924308
0.0655321303024
0.0656313032277
0.0637807406082
0.0660194785875
0.0659623930742
0.0631300437603
0.0656306711287
0.064210570073
0.0648265221965
0.0667056887694
0.0658952193737
0.0675713502226
0.0649536493533
0.0666980854143
0.0678056386242
0.0665259332082
0.0627821177092
0.0637339539083
0.0680931074259
0.0685153467986
0.0658516854856
0.0674600307079
0.0684944019969
0.0676455974229
0.0659612289137
0.0659288289695
0.0689697416237
0.065965755162
0.0679377417558
0.0663013209424
0.0669295116059
0.0660673561939
0.0656873332926
0.064566038487
0.0665759258105
0.0644400597695
0.0670943648404
0.0654062788137
0.0673384495996
0.0653938719391
0.0680762984867
0.0663920549269
0.0671831254692
0.0656435029735
0.0662729405482
0.0699567563867
0.0681501938656
0.0653728712498
0.065891964131
0.0661622597895
0.0654182120694
0.0656963301435
0.0648271301111
0.064197299399
0.0644540970807
0.066436616018
0.064861545173
0.0670596529944
0.0649449685704
0.067720090006
0.0666014785737
0.0651629265372
0.0647023140795
0.0662917267953
0.0634053456831
0.0621205196462
0.0639250335234
0.0633587611002
0.0652300092259
0.065372399823
0.0644872544782
0.062448327911
0.0632660502679
0.0671133085232
0.0631287393747
0.0637305193325
0.0647554874314
0.065851534468
0.0626579092015
0.0648225873287
0.067583062943
0.0663944982888
0.0649058064675
0.064918826991
0.063499000199
0.0656259015321
0.0648827458781
0.0656686036194
0.0651148352388
0.0648911303481
0.0637760354059
0.065063970448
0.0651266320881
0.065097890774
0.0645864793177
0.0638990147076
0.0654834900297
0.0641107242583
0.065210692926
0.0683422651468
0.0655888016388
0.0647619652668
0.0652459878645
0.0651410772581
0.0650461488516
0.066825435176
0.0676114154318
0.0654367503889
0.0666295379059
0.0668175818498
0.0653355290929
0.0659811924709
0.0643086004213
0.066160675918
0.0666253288034
0.0661182040037
0.0639152681196
0.0650772606484
0.0651178737922
0.0638425901549
0.0659776351859
0.0658856827708
0.0661089144749
0.06541167914
0.066792219296
0.0620601677286
0.065166833987
0.0650945441109
0.0664583283283
0.0651136232273
0.0686577714817
0.0686042945415
0.068230044451
0.0664896555196
0.0691774501445
0.0693523248956
0.0689444977515
0.0672877429303
0.0687494075906
0.0672039971527
0.0683776158922
0.068819299192
0.06865366416
0.0682593756067
0.0681402606302
0.0669777023914
0.06768906148
0.0681811330056
0.0699938873068
0.0682998523763
0.066842000366
0.0665473076699
0.0659629830077
0.0644720150845
0.0659552000023
0.0676345124549
0.0650742374405
0.065144137937
0.064576339275
0.0654926553191
0.0657144390913
0.0661204303323
0.0655286547961
0.0663145436759
0.0680427006258
0.0671282403314
0.0675184460103
0.0639561745325
0.0646765554408
0.0680378438969
0.0656853051018
0.0646752455321
0.0626487023775
0.0655123839635
0.0633754562097
0.0644014464333
0.0686198749119
0.0648398101035
0.0672706466234
0.0651896052963
0.0657103698989
0.0677355226167
0.0688718797298
0.0677805923045
0.0679230364027
0.0657700035958
0.0652468702944
0.0638576454416
0.0663920413858
0.0658336516196
0.0638965669536
0.0629571266617
0.0637024725504
0.0658184244842
0.0624408335884
0.0638430119003
0.0626316053506
0.0629148441658
0.063138942973
0.0632293438007
0.0626231013227
0.0626493368597
0.061989646149
0.0657809583579
0.0648588048556
0.06568567335
0.0646016825057
0.0636335363327
0.065350202253
0.0665429750777
0.0658727441652
0.0652566271856
0.0623831078412
0.0642752284449
0.0661723824678
0.0610946247304
0.0629299443584
0.0614925402987
0.0610555553509
0.0625995628503
0.062197386132
0.0639494096291
0.0596749237754
0.0652417921913
0.0658204636518
0.0656473157607
0.0669888078225
0.0651727548948
0.0668465351111
0.0663790625682
0.066550112249
0.0641843479727
0.0664347791251
0.0669442110529
0.0666959000311
0.0667052869719
0.0668552570924
0.0636914269318
0.0656655776487
0.0683253581042
0.0648248333276
0.0641036956716
0.0668211581514
0.0670165595091
0.0678496686509
0.0660085802241
0.0667566836976
0.0643433872683
0.062388485279
0.0632232015094
0.0635614063756
0.0625749602325
0.0635664685245
0.0631920270283
0.0650822272855
0.0635106745302
0.0627477436049
0.0627298122967
0.0619742152348
0.0630460657876
0.0619128049977
0.0653065834832
0.0632675051157
0.0640201812161
0.0650020945128
0.0628758479479
0.0645785334976
0.0611292116293
0.0635644547967
0.0626377445564
0.0634854068632
0.0628329016058
0.0640459704573
0.0671536705635
0.0675959139146
0.0671553248197
0.0660298632508
0.0656223675868
0.068495553655
0.0664254422452
0.066499945856
0.0686177166173
0.0666704441119
0.0670232629264
0.0661963063896
