0
7.79527514919
17.7333525566
32.399890468
37.4138916247
37.4138916247
45.6078364403
50.6440445432
58.7101549208
64.9373841053
72.3299661875
83.6627003005
94.1613958443
102.442949499
102.442949499
116.320934941
130.865206586
144.914673707
153.53804642
159.622720909
171.155080096
171.155080096
180.036500266
180.036500266
182.502930342
195.90147028
204.947389443
208.410446615
223.254222941
237.704732218
251.725518128
260.634562005
263.431310247
266.695952636
270.454333925
276.504574768
287.243122687
301.381805844
316.194514614
321.188016532
321.188016532
331.10826551
336.012254505
344.167462308
349.383820586
355.054292924
366.987886937
366.987886937
371.7461091
384.876819089
393.587083819
401.189262008
410.384531489
416.461684353
416.461684353
429.687072724
439.573942923
447.979923681
462.123655241
472.766325857
474.479551153
476.592369058
489.903196861
502.644799098
505.573601277
517.80226606
530.236789651
544.030593864
555.690226925
555.690226925
567.317566874
573.498352145
577.556073128
577.556073128
577.556073128
588.058644379
598.288089184
601.18763359
614.727051305
625.449061751
633.246775488
633.246775488
637.202224599
644.470750066
652.213640387
662.065195326
670.659048728
675.161852328
683.383107866
688.629227937
703.279373676
709.534302452
709.534302452
719.913274584
721.019795992
730.244053439
743.36202303
747.80231008
747.80231008
754.969144234
766.645982273
766.645982273
768.603809306
781.68758399
789.320120944
803.911837735
803.911837735
815.891726737
826.866426061
837.383807589
840.77483471
855.718003672
868.822209653
880.491743213
893.652634383
893.652634383
906.519067313
909.938841338
909.938841338
915.521223439
918.594806508
929.829036939
929.829036939
943.879949985
953.395608351
967.789071385
967.789071385
967.789071385
976.099714303
988.822648143
999.448560034
1003.84225182
1017.92602845
1029.77135803
1038.70402528
1052.9037954
1066.12534794
1073.22794374
1073.22794374
1073.22794374
1073.22794374
1083.72461466
1096.58733374
1096.58733374
1102.34352073
1102.34352073
1113.18413687
1124.11642794
1124.11642794
1133.0539332
1140.51737268
1140.51737268
1151.44125497
1159.03291076
1172.65754397
1182.43814054
1182.43814054
1190.66981803
1193.57178745
1199.77244641
1199.77244641
1213.24651201
1213.24651201
1219.39097188
1223.57141926
1236.55465432
1247.36720615
1253.56448349
1253.56448349
1265.59847848
1275.36100585
1275.36100585
1275.36100585
1285.96125835
1295.40298829
1309.60296406
1309.60296406
1324.10345102
1334.40814285
1342.84108713
1345.54888573
1345.54888573
1348.53037543
1363.52044314
1371.22929681
1375.05889807
1388.53684024
1388.53684024
1393.60195178
1400.96694824
1407.64299238
1418.46288205
1424.93629317
1428.27902393
1434.06348274
1441.20558286
1450.34361835
1457.93151115
1468.48797787
1474.52572797
1479.70228768
1491.35297278
1497.68454077
1508.81851164
1513.92414978
1525.88891608
1535.7564305
1535.7564305
1541.64220582
1547.92311556
1547.92311556
1552.86664728
1558.48899965
1565.10425389
1565.10425389
1572.27674897
1576.24764214
1583.14658262
1588.73854005
1588.73854005
1591.48350336
1600.33785261
1605.3725692
1613.03138355
1622.54429016
1629.92954992
1636.69677894
1638.7831849
1646.53318412
1654.61752784
1665.93386844
1674.79834934
1680.41057007
1688.19096425
1694.95819326
1701.93818696
1705.59499892
1712.72696739
1720.53775653
1732.03646685
1740.42476013
1745.07447395
1753.3209241
1762.43869629
1767.6355193
1775.43617678
1775.43617678
1777.46179283
1785.88048106
1793.1036344
1798.48282714
1805.17913459
1812.25031316
1817.68016415
1822.1779032
1827.14169823
1835.51985985
1843.51301871
1852.30657805
1860.37065847
1864.89879248
1864.89879248
1875.89092022
1878.15969591
1886.73035891
1886.73035891
1894.13588198
1897.45834944
1904.8436092
1916.44363604
1922.58270266
1922.58270266
1930.44415005
1935.63084141
1942.49938694
1945.78132779
1950.54248978
1954.79706919
1958.17019491
1967.98705106
1973.02176765
1977.86398285
1984.5602903
1990.9323849
2001.56990484
2010.08990959
2015.48936563
2020.09855285
2024.54563364
2031.88023514
2034.94941131
2039.32557054
2050.24677672
2056.53781811
2066.51678069
2073.79059228
2082.4220452
2090.0302013
2099.21889505
2105.57072635
2113.30046227
2122.61073584
2131.8196929
2140.10666965
2143.00360774
2143.00360774
2147.10621238
2159.02032042
2169.3133642
2178.85666576
2188.37970402
2192.37086049
2202.81587904
2206.93874698
2216.36046872
2220.08820225
2229.99624327
2237.32071312
2247.28954405
2252.79031661
2261.2799264
2268.65505451
2278.70493865
2289.19048382
2294.68112472
2302.31967578
2310.63704749
2319.43060683
2329.38930611
2338.1727338
2341.70796594
2352.06179963
2358.26165615
2363.78269202
2372.56611971
2377.04359545
2383.15226711
2387.03197541
2393.59657139
2395.6728457
2400.5353242
2404.14147791
2409.54093395
2409.54093395
2413.52195877
2415.7603395
2415.7603395
2418.42424961
2430.42954251
2433.16437418
2439.57699538
2450.00175064
2460.95335177
2466.70741562
2477.09164427
2485.26717286
2490.23096788
2498.64965611
2503.33989654
2515.0412399
2523.98677402
2534.93837515
2545.31247215
2554.59235077
2561.74458254
2568.85628771
2579.46341269
2579.46341269
2586.30156327
2594.18327396
2598.50877493
2601.82111074
2606.25805988
2609.36776265
2609.36776265
2614.54432236
2622.98327389
2632.09091443
2642.14079858
2652.96068824
2660.5992393
2667.16383528
2676.39305564
2686.90899575
2693.91938441
2693.91938441
2699.79502808
2702.18538359
2710.75604659
2720.47158623
2726.12433356
2735.55618696
2740.53011363
2749.32367297
2755.2702382
2758.67375888
2770.60813022
2778.54049917
2788.63090992
2797.95131515
2802.37813263
2805.82217991
2815.65929937
2823.88548622
2831.84825012
2842.48577006
2845.00783704
2855.96956983
2867.03261914
2876.18078628
2882.27932629
2890.70814617
2899.72460185
2902.40877525
2902.40877525
2909.65219189
2913.5926901
2917.79661125
2926.316616
2931.1588312
2937.58158406
2946.09145715
2951.02485722
2951.02485722
2957.42734678
2964.51878864
2976.26065861
2982.2376188
2982.2376188
2993.99975206
3001.42553843
3007.23026054
3015.66921207
3020.27839929
3029.56840956
3034.86654909
3041.68443636
3050.25509936
3055.14797283
3063.98205877
3072.60338003
3072.60338003
3078.48915536
3085.42862245
3092.34782624
3101.41494017
3106.37873519
3110.66370956
3115.07026374
3115.07026374
3115.07026374
3125.85975845
3134.94713569
3142.47423858
3151.83517041
3157.77160399
3160.46590905
3165.25746599
3176.57380659
3184.64801866
3195.92383265
3205.32529109
3210.89698521
3218.21132341
3225.78908456
3232.37394384
3241.46132108
3251.3896254
3256.15078739
3256.15078739
3263.44486229
3272.93750559
3277.70879923
3280.74758045
3286.68401403
3292.82308064
3298.69872431
3306.98570107
3315.26254618
3319.75015357
3331.61360336
3341.0353251
3347.24531327
3355.6640015
3361.15464241
3361.15464241
3368.65135034
3376.44187617
3382.83423407
3392.40793059
3399.22581786
3406.85423726
3418.4137375
3423.55990225
3430.95529367
3441.80557829
3448.79570364
3457.05228544
3468.03428153
3468.03428153
3468.03428153
3477.12165877
3477.12165877
3487.86049522
3495.012727
3502.06364226
3502.06364226
3506.35874827
3516.52008058
3527.14746887
3531.38178497
3531.38178497
3542.51575584
3552.84932623
3559.60642359
3565.0970645
3575.09629038
3584.07221945
3587.41495022
3590.30175665
3597.28175035
3603.17765733
3612.77161714
3620.47095811
3627.4306885
3638.44307955
3646.81110952
3651.1568738
3658.10647254
3666.19081626
3675.04516551
3683.2004308
3693.97979386
3698.30529483
3703.71488253
3711.30277532
3719.99501815
3728.73791923
3736.56897166
3736.56897166
3736.56897166
3743.48817545
3748.35065396
3753.11181595
3756.0796756
3767.64930749
3774.59890623
3782.25772059
3788.99455465
3799.24707182
3804.2412618
3813.18679591
3823.37852318
3826.73138559
3832.44492284
3832.44492284
3837.24661144
3846.03003912
3854.45885901
3860.09134304
3866.61541241
3877.5568819
3883.19949758
3888.49763711
3897.40264461
3903.03512865
3910.21775538
3913.03364025
3919.22336512
3919.22336512
3924.08584363
3934.73349522
3942.70639078
3950.7907345
3959.82745348
3959.82745348
3962.74465488
3968.62029855
3977.64688587
3985.79201951
3992.19450906
3999.1238445
3999.1238445
4010.02478738
4017.54175862
4022.8905564
4033.86242084
4039.68740626
4048.69373028
4052.3606739
4061.58989426
4071.33582885
4079.09595972
4085.63016075
4090.20895301
4100.05620412
4103.26722341
4105.73863213
4113.31639328
4122.18087418
4131.23785646
4139.14996211
4146.88982968
4152.90731647
4159.4820441
4162.66266844
4166.44106022
4171.69867314
4180.02617651
4189.50868816
4197.86658648
4203.52946547
4211.0464367
4216.31418127
4225.79669292
4225.79669292
4225.79669292
4230.70982969
4242.36051479
4253.72751364
4258.08340957
4264.81011198
4273.90762086
4281.47525036
4290.44104778
4294.33088773
4297.38993224
4297.38993224
4305.3830911
4313.67006786
4323.32481759
4330.88231543
4336.41348295
4342.57281286
4346.99963035
4350.48420423
4350.48420423
4358.88262916
4368.54751054
4375.83145379
4375.83145379
4375.83145379
4381.11946166
4385.61720071
4390.22638793
4398.43231147
4404.50045652
4407.19476158
4413.13119516
4419.97947739
4425.70314629
4430.10970047
4434.98231063
4438.97346709
4442.44790933
4448.0297351
4455.83039258
4464.93803312
4473.6809342
4481.17764214
4488.18803079
4493.4051171
4497.50772174
4504.76127003
4511.99455502
4521.17311712
4530.02746637
4539.47958307
4539.47958307
4547.45247862
4553.53075533
4557.82586134
4567.67311245
4574.37955156
4583.8417999
4588.6637518
4596.30230286
4604.1941452
4614.07179127
4621.98389691
4630.92943103
4634.08979206
4638.66858432
4645.59791976
4655.23240619
4662.68858751
4669.28357845
4677.17542079
4683.72988512
4688.65315354
4696.70710231
4705.71342634
4712.68328838
4720.80815871
4720.80815871
4729.61184971
4741.15108664
4747.43199637
4755.87094791
4762.68883518
4768.908955
4776.43605789
4787.00265627
4795.79621561
4802.01633543
4812.09661453
4821.80202251
4825.20554319
4830.4226295
4837.43301815
4843.84563936
4849.23496375
4856.77219829
4861.75625662
4866.05136263
4871.89661135
4881.3993863
4892.65493699
4902.19823855
4911.79219837
4917.08020624
4926.82614084
4934.55587676
4938.65848139
4946.9353265
4953.65189725
4958.53463906
4968.00701906
4974.75398477
4984.48978771
4991.84465252
5003.06980825
5011.36691666
5022.08548981
5033.18906573
5039.17615756
5046.03457144
5050.2790192
5055.18202431
5055.18202431
5063.72229236
5073.18454071
5081.77546702
5090.14349699
5095.72532276
5100.95254073
5103.45434441
5108.89432706
5117.6878864
5129.68304765
5134.89000231
5146.78384705
5153.94621048
5161.62528814
5168.23041073
5178.50319121
5184.16607019
5192.90897127
5199.80791176
5203.59643519
5207.93206781
5217.54629094
5227.17064571
5236.5619725
5246.83475297
5252.84210812
5259.01156968
5265.21142621
5275.10933557
5281.74485312
5284.54047469
5289.09900365
5293.62713765
5301.71148138
5301.71148138
5301.71148138
5311.0318866
5318.70083261
5328.89255988
5338.53717795
5347.65495015
5353.75349015
5361.45283112
5365.72767383
5371.42094777
5381.35938374
5387.88345312
5393.78949174
5400.92146022
5410.13041727
5418.96450322
5425.79252214
5430.81710708
5433.6228603
5440.64338061
5448.5453546
5453.032962
5453.032962
5461.80625804
5471.79535227
5479.2717969
5487.83232825
5496.08891005
5504.72036297
5512.07522777
5520.7877339
5525.96429361
5531.70822581
5538.37413831
5544.60438978
5553.31689591
5564.298892
5574.31838119
5579.41388768
5589.08890072
5589.08890072
5593.30295352
5597.96279899
5606.61451521
5615.56004932
5621.01016363
5629.04384909
5633.11605877
5644.99977186
5648.46408244
5659.60818496
5666.96304977
5676.13148022
5676.13148022
5676.13148022
5680.27461146
5689.0681708
5699.05726503
5707.92174593
5716.03648462
5723.05700492
5734.86979645
5734.86979645
5746.15574209
5751.63625134
5757.57268492
5762.74924463
5773.39689622
5781.22794865
5787.43793683
5793.10081581
5793.10081581
5802.02608663
5811.21478038
5818.30622225
5827.14030819
5836.91663774
5847.91889714
5853.97691054
5862.62862675
5872.82035402
5882.20154915
5885.60506982
5892.82822316
5897.98451957
5906.72742065
5915.23729374
5924.06124804
5929.25807105
5934.39410415
5934.39410415
5941.03975334
5945.94275846
5951.26116129
5962.63829179
5974.18766038
5979.04000723
5988.9379166
5997.29581492
6001.3477613
6008.54051968
6017.68868683
6025.34750118
6030.72669392
6036.94681375
6042.08284685
6049.49850157
6053.83413419
6058.58516453
6064.24804352
6069.38407662
6075.35090515
6081.62168324
6090.8711669
6100.62723314
6106.70550985
6114.3643242
6114.3643242
6114.3643242
6119.52062061
6124.82889179
6124.82889179
6134.6964062
6143.99654812
6146.86309126
6157.05481852
6168.12799948
6174.53048903
6184.58037318
6192.6241903
6198.48970231
6207.37444652
6218.09301967
6228.88424925
6238.00250719
6248.35509177
6258.43224809
6263.75571673
6271.63964805
6277.82000459
6284.98986265
6288.51794709
6293.83121468
6302.52102867
6302.52102867
6311.9861222
6318.99276352
6329.24333763
6336.70902604
6340.81857013
6348.14144389
6353.12827799
6358.2273236
6366.39688422
6366.39688422
6366.39688422
6366.39688422
6371.66934762
6378.12513242
6386.96796211
6395.20893006
6400.19576416
6400.19576416
6404.01967895
6411.10792864
6419.69573217
6419.69573217
6430.71138477
6437.78943341
6448.42764729
6455.38328337
6460.49253003
6472.0488381
6482.67685093
6489.05102736
6495.33339437
6503.64576964
6503.64576964
6515.3754955
6521.63746042
6526.93032591
6535.70174828
6545.646291
6553.08137626
6557.33373501
6561.42287702
6568.06228066
6575.05872092
6583.60572026
6591.11221286
6597.03754324
6602.52422862
6606.26653504
6614.37488938
6623.1157086
6634.58020726
6639.99548531
6644.91091208
6651.24428433
6654.83357505
6664.10484869
6667.84715512
6674.07851689
6678.1676589
6681.8181559
6687.69248105
6691.95504084
6698.18640262
6706.04993184
6713.56662548
6716.54385342
6724.65220776
6734.93338501
6734.93338501
6743.99043668
6743.99043668
6752.10899206
6757.38145546
6767.69323586
6774.7712845
6783.36928907
6789.81487282
6798.84132135
6809.52033942
6814.36435887
6819.85104425
