0.544260183555
0.494226930046
0.423235981574
0.508681694808
0.524882462049
0.489466683143
0.530309419373
0.534612667944
0.548444139787
0.571786809797
0.514573100671
0.533555204183
0.551102598854
0.537093826974
0.545937024122
0.566604078051
0.501279622707
0.462127796497
0.431926255299
0.405845210585
0.396730672753
0.396587800607
0.412231626039
0.411639960416
0.391229212213
0.392665921236
0.398262746233
0.405894547739
0.393844618001
0.400470085331
0.39274288582
0.403395095199
0.404396186654
0.395041733041
0.396216559547
0.385183676091
0.37334690705
0.382356304916
0.39012793747
0.399401272418
0.385998090365
0.391453205613
0.394003543603
0.399789303564
0.389294915742
0.395641230503
0.400088331413
0.399399960772
0.40257826784
0.407263397774
0.402019219538
0.405610928585
0.402573749779
0.409199980305
0.415020243899
0.41180956665
0.40877748446
0.397098033481
0.401776668423
0.39956691061
0.405023892054
0.410404804955
0.412103786772
0.407197164227
0.412251391454
0.410898984763
0.415957686762
0.406816935273
0.401692120734
0.40332527644
0.407387233838
0.403279817529
0.402585885204
0.40616357833
0.408950118902
0.406698979966
0.408913109448
0.413159492599
0.417080762138
0.420730642174
0.424771610984
0.415619196236
0.418843053437
0.422767650764
0.419216864476
0.421251936658
0.415581394346
0.419285437712
0.410797408616
0.414506952943
0.415912619091
0.412618199438
0.416189552077
0.407943875325
0.400376675298
0.399493053254
0.40002803275
0.396132179494
0.393831221375
0.386598095122
0.380065211694
0.382034185579
0.385229798764
0.382562644292
0.381484676963
0.376851273509
0.378550797541
0.381637051229
0.376994374465
0.38015791848
0.374296307932
0.377392412347
0.38047258638
0.37466595233
0.376372865985
0.371212139261
0.373596687181
0.375783833017
0.378689622299
0.381586564773
0.375692324904
0.375271667931
0.378071265041
0.380494886053
0.383184099482
0.377634681347
0.38036771589
0.38294675988
0.385425788046
0.387711101211
0.384714891738
0.386473989215
0.384832598932
0.387339757785
0.389074439717
0.384393337964
0.386908831368
0.389396516217
0.39184275684
0.394299049214
0.396437336659
0.398842519395
0.393979735644
0.395128436233
0.396611605324
0.396917141638
0.398897731921
0.395644745084
0.391328748759
0.38890706152
0.386116510349
0.388354065507
0.384964231714
0.387305985336
0.3826951417
0.384935901341
0.380702575539
0.379295108002
0.379472123864
0.381285825861
0.378681943677
0.375033220857
0.372744304375
0.372901628349
0.370040154451
0.372143334886
0.374279485738
0.371809834264
0.373893844146
0.375977848205
0.373679864807
0.371300028157
0.36761987521
0.365038852157
0.367148284674
0.36916989682
0.365322410097
0.361648661637
0.361604330585
0.359863937157
0.35840039567
0.359175853885
0.357360109897
0.359294554127
0.356149256031
0.353976269409
0.355898492192
0.357481935003
0.358203769595
0.358437610783
0.36033834466
0.361780893455
0.363649003486
0.365502370686
0.366918622218
0.366381568358
0.363677297828
0.365506628712
0.367198988476
0.366002512588
0.362982078841
0.364761647117
0.366530881349
0.364287546478
0.361246808389
0.362939305747
0.363590650164
0.360932770522
0.362671327169
0.362960042011
0.364612691828
0.36447889448
0.363178917745
0.364863989004
0.361797138086
0.363451395688
0.364679700909
0.366283647207
0.367871681848
0.36935650176
0.369557061652
0.371047382168
0.371436671239
0.373019466557
0.370023330328
0.371444905922
0.371643125697
0.373089874202
0.372277664845
0.373818383123
0.373355996921
0.370739105243
0.372201702524
0.37299334849
0.374152818225
0.371644451264
0.373181223544
0.374314551107
0.375812645212
0.374814178728
0.375341357623
0.376692193167
0.377516806973
0.378977410449
0.377486172688
0.375054874468
0.37651499437
0.377060751092
0.378449314859
0.37956199732
0.380977512926
0.382371924286
0.381222801195
0.37925165697
0.379642685742
0.380213840257
0.381496021271
0.382751643271
0.384104147909
0.385457731294
0.386521134573
0.386621668003
0.387896941403
0.38892576408
0.389875122676
0.389845383323
0.391141279586
0.392430413337
0.389678868419
0.388225691927
0.38937886635
0.39028534933
0.391549509625
0.38923547167
0.390447214844
0.391202981008
0.391230120801
0.392333599091
0.393570586075
0.394795963811
0.396010451367
0.396578074114
0.397759813582
0.398966027613
0.40015717441
0.401085002847
0.399028823279
0.397154998789
0.397280877674
0.395598152707
0.396756097941
0.394300752165
0.395342063596
0.394207354195
0.391981763778
0.393133290734
0.39429788456
0.392450988056
0.393607076857
0.393215669762
0.393200853552
0.39186590216
0.391595737063
0.392733960061
0.393003918239
0.392236149003
0.389912075146
0.391016701269
0.392104576345
0.393171321203
0.394279540447
0.39488252949
0.395496703205
0.393274001481
0.393670518205
0.39182326966
0.392818272377
0.393886407526
0.39494095226
0.395275742859
0.39633164923
0.397381308498
0.395032045886
0.395847071427
0.395065166282
0.394140751189
0.391949643925
0.392997302482
0.393391456632
0.392509816849
0.391827605554
0.392867360207
0.393856277728
0.391572577637
0.392605679092
0.393567047947
0.394584696369
0.395604675477
0.396611704441
0.397539488027
0.395607591324
0.395910256115
0.394768671372
0.395752602444
0.395543845148
0.393326892557
0.394323953872
0.395315560101
0.395538779415
0.396322721784
0.396881430787
0.395110962549
0.393924214597
0.394896398552
0.393712828618
0.391724663831
0.392650859465
0.393008960627
0.393827686258
0.392126768866
0.393085112724
0.391718392288
0.392671884442
0.393597922212
0.39371337582
0.394656018562
0.394230141189
0.39508557503
0.393824714584
0.394716171923
0.395417169301
0.396224407708
0.395036941452
0.395045636746
0.395594606647
0.396506490245
0.396281540935
0.396755942398
0.395943905309
0.395438395026
0.393383461544
0.391373977164
0.392275460703
0.390608450797
0.391395626679
0.392290438679
0.393041175387
0.393304318066
0.39206139836
0.392134402901
0.390714200675
0.390780458474
0.39165724279
0.392041963542
0.392855038427
0.391021732838
0.389639653186
0.390510800464
0.38900721229
0.389622408524
0.390483372859
0.391345160833
0.392037775326
0.390696860332
0.390710170424
0.391560353143
0.392409533072
0.392961342698
0.393805611195
0.392353038032
0.393194092222
0.39144446712
0.391418481161
0.392249477349
0.392984239577
0.393813762024
0.393798596156
0.39461938142
0.393941767909
0.394749890639
0.39319141975
0.391430471881
0.391865496531
0.392638687135
0.39347073038
0.394279088489
0.395086538383
0.395891562695
0.394091043395
0.392910620714
0.393678813622
0.394477924749
0.395274624101
0.396068625841
0.39558600054
0.396375753008
0.397162565325
0.397665947661
0.398390635918
0.39769105866
0.3984611824
0.396939063861
0.397713761954
0.398486980822
0.398988435683
0.399778173258
0.400538553667
0.401193915207
0.401940918712
0.402390960362
0.400652986427
0.401419873058
0.402168166617
0.402396166094
0.400829931873
0.401580776765
0.401269273185
0.399648178579
0.398224511298
0.398968575668
0.397938007885
0.398632332962
0.397181443896
0.397874219291
0.398253434327
0.398593744334
0.399329122711
0.398631130557
0.399255218658
0.399984768135
0.399482562329
0.400207504702
0.398751278319
0.399409351543
0.397966922166
0.398691477557
0.39940142741
0.399217565178
0.399938336438
0.400524030458
0.399230159943
0.399450769648
0.399820296788
0.398771513304
0.399265657602
0.399971397868
0.400675248775
0.399777799392
0.400479049926
0.399816837286
0.399199361526
0.399716064205
0.400123340857
0.400784690607
0.401413527643
0.401515667461
0.402196049284
0.402881548816
0.403355454425
0.402005331758
0.401408814434
0.401376408215
0.402055282468
0.402729778863
0.403402642848
0.404076241796
0.404746786982
0.405384108445
0.406052252961
0.405428773721
0.404379780443
0.405043436799
0.403501097475
0.402578191226
0.401320288826
0.39994153473
0.400590820047
0.40125402058
0.401846369435
0.402504287937
0.403156245458
0.403430209584
0.401988955626
0.402628327069
0.403277836686
0.403749165906
0.403759923998
0.404314244015
0.404285687916
0.404926864563
0.405534392132
0.405226561375
0.403771696658
0.404411069293
0.405048187152
0.405662524371
0.406296713201
0.406928594052
0.405600331744
0.406230157771
0.406393829766
0.4053996957
0.403991660065
0.402759860652
0.401734710486
0.402325400176
0.40284898813
0.402601332031
0.403181171938
0.403802770454
0.402426089283
0.401812815854
0.402415732196
0.403014356667
0.403629400104
0.404241352037
0.404847344902
0.403448646304
0.404063036052
0.404276407935
0.404880747372
0.405485786898
0.406089360049
0.406678778516
0.407175304056
0.406344965114
0.404988106516
0.405592309875
0.406198319973
0.404978287033
0.403781304886
0.404342165152
0.40472216266
0.405308853079
0.404578182392
0.405173657734
0.405763717995
0.406181407092
0.405541299338
0.40424982726
0.404721696583
0.405306772473
0.404045107185
0.404484545896
0.404717213782
0.40479376851
0.405376940666
0.405953999768
0.405967275267
0.405538725766
0.405012079114
0.405589397395
0.40615486126
0.405739992672
0.405868111729
0.406438912896
0.406823226128
0.407392018702
0.40791254458
0.408478258885
0.407787032359
0.408030987773
0.408592290748
0.409150091382
0.40969682928
0.409136841011
0.409372742924
0.409755853229
0.410101951359
0.410283527598
0.410837645245
0.411390473569
0.411942026012
0.410939133719
0.411481516445
0.411212738282
0.411758189548
0.410469891906
0.411016708277
0.411561835265
0.410481824354
0.410814476196
0.409538452214
0.409562156559
0.409677771443
0.408401349922
0.407133702916
0.406527164315
0.407061222223
0.406618912222
0.407158082903
0.407664274492
0.408200901045
0.407551638293
0.407609831499
0.408058705457
0.407968657128
0.407068884329
0.40717856231
0.407709221427
0.408239134539
0.408767725513
0.408435308773
0.407257140461
0.40773442256
0.408185730542
0.407565008903
0.406968041369
0.407491685096
0.408014193033
0.408026996929
0.408468659619
0.408547470416
0.408569113122
0.40908459453
0.409598093773
0.410113723287
0.409238645124
0.408044734009
0.407784116516
0.408001034836
0.406871289449
0.40738339816
0.407249866496
0.407759018956
0.407987353488
0.407224134571
0.407729983891
0.407223580079
0.407714431787
0.408220517181
0.408145184833
0.408196134117
0.40866614984
0.40840915818
0.40729012397
0.406443763141
0.406490734805
0.406989545116
0.407486069976
0.406653425609
0.40714613768
0.406350533706
0.405246229967
0.40574144021
0.404836838179
0.404646405866
0.405141896845
0.4042710894
0.403642829669
0.404100745228
0.404529517567
0.405020881639
0.405097548609
0.40557322081
0.404419537199
0.404666079671
0.405154352089
0.405641055901
0.404514666456
0.404845398916
0.404737811948
0.405221443177
0.405704801828
0.405380862125
0.40573116352
0.406212245018
0.406692797851
0.407152483823
0.407630911563
0.406566326109
0.407020220203
0.407199286788
0.407588894987
0.406779050154
0.407238047476
0.407712181454
0.406586074221
0.406971011833
0.407441593588
0.407836750426
0.408302644578
0.408284946631
0.408101283502
0.4070064378
0.405923863311
0.406391944185
0.406862002553
0.406822470836
0.407286946834
0.406249255306
0.406548478404
0.406997323318
0.406136201697
0.406598528604
0.406009783998
0.405047490121
0.405385412111
0.405197734197
0.404564778315
0.405026067074
0.40548553603
0.405941812694
0.405447640616
0.405237981438
0.405690516013
0.404620282981
0.405077470006
0.405339132177
0.405390734884
0.405802362292
0.406086461608
0.40653833969
0.406921684095
0.405949884991
0.4055230767
0.405972680818
0.405023130085
0.404046271113
0.403948714944
0.403141535762
0.403590029282
0.403897064358
0.403686855337
0.404115169813
0.403161944361
0.40311519032
0.402088713692
0.401266056438
0.401710851144
0.401786237304
0.401726914647
0.401676469503
0.402118768348
0.402076492987
0.402514748819
0.40295272654
0.401933353796
0.402372819368
0.402735501548
0.402542192666
0.402208586798
0.402644800395
0.402847201639
0.403282638711
0.403217426598
0.403651559948
0.404084222387
0.403318017909
0.403750266453
0.404181311017
0.404228749117
0.403575805544
0.402576324917
0.402856160298
0.40259444536
0.402848169946
0.403275830912
0.403598743739
0.404025705483
0.404327191237
0.404552140924
0.404976712174
0.405398953278
0.405153206229
0.404703512739
0.404765558423
0.405187658365
0.405609023665
0.405981164778
0.406400060339
0.406729084451
0.405897223552
0.405994288082
0.405011028168
0.405370883573
0.404396631321
0.404813498837
0.404297725889
0.404691252365
0.403726885221
0.404141490099
0.404553928964
0.404967753377
0.405371203853
0.405780940902
0.406192761501
0.40647321986
0.406759987916
0.406976323938
0.406025415872
0.406180354172
0.406588042678
0.406203197981
0.406598449443
0.407004606449
0.407396564653
0.407800703002
0.408015181728
0.408142369969
0.408545932832
0.407769296461
0.408024369086
0.408424514119
0.408381525157
0.40877919428
0.409175488279
0.409469911735
0.409159926055
0.40842414038
0.408823148474
0.409220883188
0.409617111926
0.409718626449
0.410114983124
0.410386223281
0.409741740043
0.408803462583
0.409198611383
0.409590305793
0.409691208298
0.408752531819
0.409140674309
0.409532262971
0.409905955309
0.408979841006
0.409366336993
0.409517613523
0.408725905543
0.407846912098
0.408235531863
0.408615876699
0.409004579152
0.4080956386
0.407185485735
0.407568761095
0.406796674674
0.405965342152
0.405868998756
0.406095713196
0.405417990061
0.405717200022
0.405222246159
0.404544362607
0.404880654358
0.405015529066
0.405400056593
0.405783450256
0.406053254955
0.40643528097
0.406411933215
0.406793621571
0.406163839135
0.405745773158
0.406108301244
0.406486872573
0.405780989295
0.406126529524
0.406494189873
0.40686453856
0.407227512735
0.407604138679
0.407980511355
0.408356238454
0.408598811258
0.408877796968
0.408201559095
0.408344737264
0.408700469275
0.409043839934
0.408302020938
0.407944655226
0.407861552745
0.408160012354
0.407473321079
0.407843864615
0.408210683204
0.408579776895
0.407856386975
0.407254227667
0.406527712768
0.405827929711
0.405452054062
0.404679916434
0.404306206371
0.404055377903
0.404422708808
0.404785193554
0.405152460082
0.405519161227
0.405879011062
0.405869931437
0.405023702687
0.405182414919
0.405547128474
0.405861651897
0.405126248346
0.404394153621
0.404756337443
0.404375548092
0.404733221335
0.403916840848
0.404061706737
0.403738891275
0.404025278029
0.404386333576
0.404746832011
0.40510679906
0.405463801448
0.405822910847
0.405659490633
0.40600409362
0.406361618519
0.405726932674
0.405278492673
0.405633885189
0.40595549846
0.406183452851
0.406126743124
0.40558690188
0.405941402675
0.405346480499
0.40567759457
0.405802164024
0.406154863897
0.406507018075
0.406381575368
0.406726632242
0.406426463178
0.40649255542
0.406843052836
0.40698520521
0.407334282287
0.407683275117
0.408012737969
0.408360506138
0.40771373
0.407854663275
0.408079221661
0.408425657684
0.408770968873
0.40910240989
0.409429051185
0.408692949174
0.408430099628
0.408620620745
0.407955791101
0.408283422326
0.408626339525
0.408535659399
0.408876414048
0.409212338835
0.408766207395
0.409107169586
0.409447085448
0.409654810222
0.409994837584
0.410233670996
0.410572751807
0.410830131279
