0
7.79527514919
17.7333525566
32.399890468
37.4138916247
37.4138916247
45.6078364403
50.6440445432
58.7101549208
64.9373841053
72.3299661875
83.6627003005
94.1613958443
102.442949499
102.442949499
116.320934941
130.865206586
144.914673707
153.53804642
159.622720909
171.155080096
171.155080096
180.036500266
180.036500266
182.502930342
195.90147028
204.947389443
208.410446615
223.254222941
237.704732218
251.725518128
260.634562005
263.431310247
266.695952636
270.454333925
276.504574768
287.243122687
301.381805844
316.194514614
321.188016532
321.188016532
331.10826551
336.012254505
344.167462308
349.383820586
355.054292924
366.987886937
366.987886937
371.7461091
384.876819089
393.587083819
401.189262008
410.384531489
416.461684353
416.461684353
429.687072724
439.573942923
447.979923681
462.123655241
472.766325857
474.479551153
476.592369058
489.903196861
502.644799098
505.573601277
517.80226606
530.236789651
544.030593864
555.690226925
555.690226925
567.317566874
573.498352145
577.556073128
577.556073128
577.556073128
588.058644379
598.288089184
601.18763359
614.727051305
625.449061751
633.246775488
633.246775488
637.202224599
644.470750066
652.213640387
662.065195326
670.659048728
675.161852328
683.383107866
688.629227937
703.279373676
709.534302452
709.534302452
719.913274584
721.019795992
730.244053439
743.36202303
747.80231008
747.80231008
754.969144234
766.645982273
766.645982273
768.603809306
781.68758399
789.320120944
803.911837735
803.911837735
815.891726737
826.866426061
837.383807589
840.77483471
855.718003672
868.822209653
880.491743213
893.652634383
893.652634383
906.519067313
909.938841338
909.938841338
915.521223439
918.594806508
929.829036939
929.829036939
943.879949985
953.395608351
967.789071385
967.789071385
967.789071385
976.099714303
988.822648143
999.448560034
1003.84225182
1017.92602845
1029.77135803
1038.70402528
1052.9037954
1066.12534794
1073.22794374
1073.22794374
1073.22794374
1073.22794374
1083.72461466
1096.58733374
1096.58733374
1102.34352073
1102.34352073
1113.18413687
1124.11642794
1124.11642794
1133.0539332
1140.51737268
1140.51737268
1151.44125497
1159.03291076
1172.65754397
1182.43814054
1182.43814054
1190.66981803
1193.57178745
1199.77244641
1199.77244641
1213.24651201
1213.24651201
1219.39097188
1223.57141926
1236.55465432
1247.36720615
1253.56448349
1253.56448349
1265.59847848
1275.36100585
1275.36100585
1275.36100585
1285.96125835
1295.40298829
1309.60296406
1309.60296406
1324.10345102
1334.40814285
1342.84108713
1345.54888573
1345.54888573
1348.53037543
1363.52044314
1371.22929681
1375.05889807
1388.53684024
1388.53684024
1388.53684024
1390.33864204
1392.74104444
1395.44374714
1395.44374714
1395.44374714
1404.15245585
1407.95625966
1413.66196536
1413.66196536
1413.66196536
1423.67197537
1423.67197537
1423.67197537
1425.87417757
1427.07537877
1427.07537877
1427.07537877
1427.07537877
1428.17647988
1431.47978318
1437.78608948
1437.78608948
1437.78608948
1437.78608948
1437.78608948
1439.68799139
1439.68799139
1441.28959299
1443.39169509
1443.39169509
1450.3987021
1450.3987021
1451.4998032
1453.1014048
1453.1014048
1453.1014048
1457.8061095
1468.01631972
1468.01631972
1470.21852192
1474.12242582
1474.12242582
1476.32462802
1476.32462802
1481.93023363
1481.93023363
1481.93023363
1483.43173513
1490.13844184
1495.84414754
1498.84715055
1498.84715055
1498.84715055
1498.84715055
1498.84715055
1505.15345685
1505.15345685
1507.35565905
1509.15746086
1510.95926266
1510.95926266
1515.06336676
1516.86516856
1516.86516856
1516.86516856
1521.16947287
1521.16947287
1521.16947287
1521.16947287
1521.16947287
1533.88218558
1536.18448788
1539.78809149
1542.59089429
1542.59089429
1544.39269609
1548.9973007
1548.9973007
1548.9973007
1551.299603
1554.302606
1554.302606
1556.7050084
1556.7050084
1570.21852192
1570.21852192
1570.21852192
1573.22152492
1580.32863203
1590.53884224
1590.53884224
1594.74304644
1597.74604944
1600.94925265
1604.25255595
1608.15645986
1608.15645986
1608.15645986
1612.76106446
1621.46977317
1621.46977317
1621.46977317
1626.77507847
1637.18548888
1637.18548888
1640.58889229
1640.58889229
1641.58989329
1641.58989329
1645.19349689
1645.19349689
1648.5969003
1658.80711051
1661.50981321
1667.61591931
1667.61591931
1667.61591931
1667.61591931
1679.72803143
1679.72803143
1681.52983323
1685.93423763
1689.63794134
1689.63794134
1689.63794134
1691.53984324
1693.64194534
1696.04434774
1709.85816156
1709.85816156
1709.85816156
1709.85816156
1712.76106446
1712.76106446
1712.76106446
1714.56286626
1720.56887227
1720.56887227
1720.56887227
1720.56887227
1723.57187527
1725.97427767
1725.97427767
1730.07838178
1734.08238578
1736.48478818
1738.88719059
1738.88719059
1743.99229569
1753.8021055
1759.00731071
1759.00731071
1759.00731071
1759.00731071
1759.00731071
1759.00731071
1760.60891231
1760.60891231
1760.60891231
1760.60891231
1764.71301641
1764.71301641
1769.31762102
1769.31762102
1771.51982322
1778.02632973
1778.02632973
1778.02632973
1779.02733073
1779.02733073
1781.62993333
1792.24054394
1794.54284624
1794.54284624
1794.54284624
1794.54284624
1794.54284624
1799.44775115
1804.95325665
1807.55585925
1807.55585925
1811.45976316
1811.45976316
1811.45976316
1811.45976316
1811.45976316
1815.16346686
1815.16346686
1816.76506846
1816.76506846
1816.76506846
1818.96727067
1824.17247587
1826.37467807
1834.08238578
1836.78508848
1836.78508848
1836.78508848
1836.78508848
1841.58989329
1846.69499839
1849.3977011
1858.10640981
1858.10640981
1860.10841181
1862.91121461
1870.41872212
1870.41872212
1870.41872212
1874.02232572
1875.72402742
1875.72402742
1875.72402742
1875.72402742
1880.82913253
1880.82913253
1896.24454794
1899.04735075
1899.04735075
1899.04735075
1899.04735075
1901.34965305
1903.45175515
1906.15445785
1907.75605945
1907.75605945
1907.75605945
1907.75605945
1913.26156496
1914.26256596
1914.26256596
1914.26256596
1920.26857197
1920.26857197
1920.26857197
1927.27557897
1927.27557897
1927.27557897
1933.88218558
1937.98628969
1940.68899239
1948.4968002
1948.4968002
1951.299603
1954.2025059
1954.2025059
1954.2025059
1954.2025059
1956.6049083
1959.70801141
1972.02032372
1973.92222562
1973.92222562
1973.92222562
1976.02432772
1977.32562902
1977.32562902
1977.32562902
1980.12843183
1980.12843183
1981.62993333
1994.44274614
1994.44274614
1994.44274614
1994.44274614
1994.44274614
1997.94624965
1997.94624965
1997.94624965
1999.34765105
1999.34765105
2000.74905245
2000.74905245
2002.55085425
2004.65295635
2004.65295635
2004.65295635
2004.65295635
2006.35465805
2006.35465805
2006.35465805
2006.35465805
2006.35465805
2008.45676016
2008.45676016
2010.05836176
2013.76206546
2013.76206546
2017.46576916
2017.46576916
2017.46576916
2017.46576916
2017.46576916
2017.46576916
2017.46576916
2017.46576916
2019.16747087
2020.66897237
2022.67097437
2030.07838178
2030.07838178
2032.18048388
2032.18048388
2032.18048388
2034.68298638
2034.68298638
2036.88518858
2038.08638979
2040.78909249
2040.78909249
2040.78909249
2040.78909249
2043.89219559
2045.49379719
2047.09539879
2049.297601
2049.297601
2049.297601
2049.297601
2054.302606
2054.302606
2054.302606
2054.302606
2054.302606
2060.00831171
2064.81311651
2064.81311651
2075.52382722
2075.52382722
2075.52382722
2077.42572912
2079.12743083
2084.03233573
2085.93423763
2093.54184524
2093.54184524
2093.54184524
2096.14444784
2096.14444784
2096.14444784
2096.14444784
2096.14444784
2096.14444784
2096.14444784
2096.14444784
2096.14444784
2099.54785125
2099.54785125
2102.55085425
2104.55285625
2109.25756096
2109.25756096
2115.26356696
2118.06636977
2118.06636977
2122.27057397
2122.27057397
2123.87217557
2126.87517857
2126.87517857
2131.98028368
2131.98028368
2131.98028368
2131.98028368
2131.98028368
2138.58689029
2140.58889229
2140.58889229
2142.49079419
2142.49079419
2144.19249589
2144.19249589
2144.19249589
2145.99429769
2145.99429769
2148.4968002
2148.4968002
2150.8992026
2152.7010044
2158.30661001
2162.51081421
2164.71301641
2168.61692032
2168.61692032
2168.61692032
2168.61692032
2168.61692032
2168.61692032
2168.61692032
2170.31862202
2173.22152492
2177.22552892
2179.32763103
2180.12843183
2183.43173513
2185.53383723
2187.03533873
2192.44074414
2193.74204544
2193.74204544
2193.74204544
2193.74204544
2195.84414754
2204.15245585
2204.15245585
2205.75405745
2205.75405745
2205.75405745
2205.75405745
2205.75405745
2205.75405745
2207.25555895
2207.25555895
2208.75706046
2208.75706046
2218.56687027
2221.06937277
2221.06937277
2223.47177517
2226.17447787
2226.17447787
2230.17848188
2231.88018358
2231.88018358
2233.78208548
2233.78208548
2236.08438778
2236.08438778
2237.78608948
2237.78608948
2237.78608948
2237.78608948
2240.28859199
2248.5969003
2248.5969003
2250.6990024
2250.6990024
2250.6990024
2250.6990024
2250.6990024
2253.4017051
2253.4017051
2253.4017051
2253.4017051
2257.1054088
2261.91021361
2261.91021361
2261.91021361
2261.91021361
2261.91021361
2263.81211551
2263.81211551
2263.81211551
2263.81211551
2265.71401741
2265.71401741
2268.01631972
2268.01631972
2270.31862202
2270.31862202
2273.12142482
2275.02332672
2277.72602942
2277.72602942
2277.72602942
2277.72602942
2277.72602942
2279.82813153
2279.82813153
2279.82813153
2284.43273613
2287.03533873
2295.24354694
2298.34665005
2298.34665005
2300.84915255
2300.84915255
2303.05135475
2306.75505845
2306.75505845
2312.26056396
2312.26056396
2312.26056396
2316.66496836
2318.76707047
2321.06937277
2324.17247587
2324.17247587
2324.17247587
2326.57487827
2329.67798138
2337.68598938
2337.68598938
2347.8961996
2347.8961996
2347.8961996
2352.1004038
2352.1004038
2356.1044078
2356.1044078
2356.1044078
2356.1044078
2356.1044078
2356.1044078
2356.1044078
2359.70801141
2364.01231571
2364.01231571
2364.01231571
2366.61491831
2369.01732072
2369.01732072
2369.01732072
2369.01732072
2371.01932272
2371.01932272
2371.01932272
2373.32162502
2375.52382722
2383.13143483
2383.13143483
2383.13143483
2383.13143483
2387.63593933
2387.63593933
2387.63593933
2397.74604944
2397.74604944
2397.74604944
2397.74604944
2397.74604944
2397.74604944
2397.74604944
2399.54785125
2399.54785125
2401.34965305
2401.95025365
2401.95025365
2401.95025365
2401.95025365
2401.95025365
2403.05135475
2410.75906246
2412.46076416
2412.46076416
2412.46076416
2418.76707047
2418.76707047
2420.86917257
2420.86917257
2423.47177517
2423.47177517
2425.77407747
2433.28158498
2433.28158498
2441.28959299
2441.28959299
2447.69599939
2447.69599939
2447.69599939
2450.1985019
2461.40971311
2461.40971311
2462.11041381
2466.21451791
2469.41772112
2469.41772112
2469.41772112
2472.82112452
2472.82112452
2472.82112452
2472.82112452
2472.82112452
2472.82112452
2472.82112452
2472.82112452
2475.42372712
2481.12943283
2481.12943283
2481.12943283
2483.83213553
2483.83213553
2490.43874214
2490.43874214
2490.43874214
2490.43874214
2495.14344684
2497.14544884
2499.74805145
2502.15045385
2507.75605945
2507.75605945
2507.75605945
2510.65896236
2512.86116456
2512.86116456
2514.06236576
2514.06236576
2514.86316656
2516.56486826
2521.56987327
2521.56987327
2524.47277617
2525.87417757
2527.57587927
2527.57587927
2529.57788128
2530.97928268
2530.97928268
2532.78108448
2541.08939279
2541.08939279
2541.08939279
2541.08939279
2542.99129469
2544.29259599
2544.29259599
2556.5048082
2556.5048082
2558.70701041
2561.30961301
2566.81511851
2570.91922262
2572.62092432
2575.12342682
2583.43173513
2583.43173513
2586.43473813
2588.63694034
2594.54284624
2596.74504844
2596.74504844
2599.04735075
2601.04935275
2603.65195535
2609.35766106
2609.35766106
2612.16046386
2612.16046386
2614.96326666
2623.17147487
2625.47377717
2625.47377717
2627.77607947
2629.17748088
2629.17748088
2629.17748088
2631.17948288
2633.08138478
2633.08138478
2633.08138478
2640.38869209
2640.38869209
2642.79109449
2644.39269609
2644.39269609
2646.19449789
2650.5989023
2652.8011045
2652.8011045
2652.8011045
2652.8011045
2655.5038072
2657.7060094
2665.91421761
2665.91421761
2665.91421761
2665.91421761
2667.21551891
2670.01832172
2674.02232572
2677.32562902
2677.32562902
2677.32562902
2677.32562902
2677.32562902
2691.03934274
2692.94124464
2692.94124464
2695.44374714
2696.54484824
2698.74705045
2708.25655996
2710.45876216
2710.45876216
2710.45876216
2710.45876216
2710.45876216
2714.96326666
2718.26656997
2718.26656997
2718.26656997
2723.07137477
2727.27557897
2727.27557897
2727.27557897
2727.27557897
2727.27557897
2730.57888228
2732.78108448
2735.88418758
2737.88618959
2739.88819159
2745.79409749
2748.6970004
2748.6970004
2748.6970004
2755.303607
2756.8051085
2756.8051085
2759.10741081
2759.10741081
2759.10741081
2759.10741081
2759.10741081
2759.10741081
2759.10741081
2760.70901241
2760.70901241
2760.70901241
2760.70901241
2763.21151491
2763.21151491
2763.21151491
2772.22052392
2774.42272612
2774.42272612
2774.42272612
2774.42272612
2774.42272612
2776.22452792
2776.22452792
2776.22452792
2776.22452792
2778.62693033
2778.62693033
2778.62693033
2778.62693033
2781.22953293
2781.22953293
2781.22953293
2783.63193533
2785.43373713
2785.43373713
2785.43373713
2785.43373713
2788.53684024
2790.53884224
2790.53884224
2793.74204544
2801.75005345
2801.75005345
2803.75205545
2805.05335675
2805.05335675
2805.05335675
2808.35666006
2808.35666006
2810.25856196
2810.25856196
2810.25856196
2812.76106446
2813.86216556
2813.86216556
2813.86216556
2816.36466806
2817.96626967
2824.17247587
2824.17247587
2824.17247587
2824.17247587
2824.17247587
2834.08238578
2837.08538878
2842.19049389
2844.29259599
2847.09539879
2847.09539879
2849.1975009
2850.0984018
2850.0984018
2856.2045079
2856.2045079
2858.20650991
2858.20650991
2858.20650991
2858.20650991
2859.40771111
2863.01131471
2863.01131471
2865.91421761
2878.62693033
2878.62693033
2878.62693033
2878.62693033
2878.62693033
2882.63093433
2885.93423763
2890.73904244
2890.73904244
2893.54184524
2900.24855195
2905.15345685
2908.15645986
2908.15645986
2912.06036376
2912.06036376
2914.76306646
2914.76306646
2916.76506846
2917.66596936
2920.46877217
