0.544260183555
0.376376183051
0.269936946002
0.196993078112
0.199391828551
0.230518933606
0.178552657451
0.177698939763
0.145211455441
0.124343559676
0.108974381418
0.0979047366809
0.104275300902
0.0874943518443
0.100780976319
0.0803861249035
0.0793854406685
0.0992627997173
0.0833379198012
0.0804101550485
0.0764347498563
0.0915427160635
0.0913698589576
0.0959106515601
0.0982914810018
0.0921744226968
0.0923145590635
0.0967588999974
0.089612960677
0.0908809041351
0.0939885746786
0.0969433656899
0.095611198048
0.0958791743632
0.0908213385209
0.0965486897838
0.0957722271238
0.0901236568403
0.0930763829515
0.100067359682
0.0961574036552
0.0956530401687
0.0961637299293
0.100227590306
0.0904790585672
0.0954789231031
0.0916256087238
0.0943412152794
0.0899901738585
0.0797544457969
0.0875255837935
0.0821576376624
0.0825617925814
0.0927904421642
0.0865587532006
0.0922253059565
0.0875157194002
0.092868504922
0.088681144076
0.0886992343926
0.0948928665639
0.0851698251098
0.0888138072956
0.0887062609908
0.0871784974386
0.0877565681877
0.0850852895246
0.0909652074927
0.0822886782643
0.0852143599219
0.0824415291791
0.0838436445453
0.0809774832582
0.0763581601588
0.0765919498053
0.0791251618762
0.0766188443853
0.0824605993413
0.07765085236
0.0772978909172
0.0909000634667
0.0864520883508
0.0841442519148
0.0866156403909
0.087061154955
0.0852846969115
0.0832854021657
0.0844600910571
0.0872461963908
0.0824353075675
0.0837296179265
0.0807687908926
0.078587541636
0.0812921733192
0.0774377992574
0.0792727048583
0.0810881946927
0.0875229308159
0.0851567117593
0.0870541723297
0.0870522095912
0.0895776482075
0.0887572013883
0.0909981297243
0.0907539154357
0.0815302421973
0.0810445498119
0.0817326953717
0.0823547984455
0.0778866492947
0.0808042598366
0.0815081065299
0.0892495434479
0.0864915460609
0.0920756470887
0.0932206141488
0.0878533171002
0.0875268452951
0.0870487931623
0.0887947198865
0.0900152591168
0.0794225263103
0.0941152295616
0.0978971078327
0.092256123315
0.0888140534321
0.0812045844371
0.0866898370496
0.0828311487762
0.0808423621266
0.0829586138372
0.0844816772712
0.0855753779383
0.0826572331657
0.0815501597111
0.0789781449616
0.0804581500357
0.0890501742896
0.0767144703122
0.0780475963124
0.0796025945431
0.0783013043495
0.078594606802
0.0829990154579
0.0857249085088
0.0845211488547
0.0855034997348
0.0814049134475
0.08194170318
0.0809148239032
0.0804620853925
0.0811345729273
0.0832878285585
0.0822358105791
0.0722244509277
0.0790451202282
0.0766006106058
0.079529721967
0.0769579896957
0.0822293907757
0.0810558670555
0.085212296382
0.0824708881947
0.0801056129961
0.0797228897599
0.0830439485325
0.0802384868161
0.0761260898454
0.0740419729962
0.0666148841413
0.0713384135403
0.0798695224183
0.0802629082478
0.0751632712747
0.0721246562135
0.0756284153174
0.0715715501617
0.0705751547219
0.0731151607781
0.0701962768603
0.0799710559378
0.0757649465905
0.0778563911179
0.0786971510902
0.0776150231603
0.0726954754008
0.0722142708579
0.0590327655043
0.0636391249916
0.0635338979843
0.0602906575776
0.0823195385994
0.0727788483978
0.0734702474793
0.0771823448711
0.0759173714414
0.0686681091727
0.0749339383996
0.071410966321
0.0744715448393
0.0783047423263
0.068366497349
0.0800782442552
0.0793962300881
0.0679856609174
0.0796446695132
0.07940564526
0.078099124801
0.0754063153212
0.0617851040832
0.0683870234524
0.0699284702644
0.0693260123227
0.0626866658873
0.0654030447755
0.0678733796819
0.0702416609388
0.0683711008103
0.0709951337901
0.0693089949369
0.0687002459649
0.070449137004
0.0647941347862
0.0752203436536
0.0687104782849
0.0739378919463
0.070553539447
0.0661173526702
0.0669065878947
0.0802541329615
0.0770927468156
0.0680446252651
0.0642413064241
0.0653397752861
0.0721626236655
0.0740209060159
0.0769446640097
0.0719214211443
0.0712031363816
0.0766518396087
0.0694315823652
0.0662177272539
0.0688658001812
0.0673260250663
0.0696358752431
0.0732441750037
0.0718070975552
0.0760157354549
0.0659157128032
0.0659904437067
0.0659300459913
0.0574071022372
0.0691818894462
0.0655480661473
0.0622678111457
0.0644490753499
0.0668451681051
0.0724415862125
0.0714967176853
0.0729301113783
0.0701501889127
0.0724019663563
0.0705920258938
0.069511985601
0.0691894891696
0.0666836719979
0.0642419027534
0.0583783442916
0.0592783088763
0.0662438336813
0.0634203610264
0.0654099784682
0.0628001165411
0.0618455686208
0.0661529985466
0.0663652684808
0.0628069520159
0.0633988692986
0.063009304228
0.0622986651205
0.0655237777135
0.061762639884
0.0607686402587
0.0678019452814
0.0610592143141
0.0663167646487
0.0660315704867
0.0636387312578
0.0609081767513
0.0623386696554
0.0655271640789
0.0649325559224
0.0597779431953
0.0615737201737
0.0688407614838
0.0681782420285
0.0631670813572
0.0664251015016
0.0621907021952
0.0580574501162
0.0579039271645
0.0577841615409
0.0552093485502
0.0596274419396
0.0591997676777
0.0628520160954
0.0625952221068
0.053683041974
0.0594201278424
0.053213863863
0.0580052136636
0.0576945932463
0.0643350228645
0.0606902883613
0.0628536367403
0.0671728317681
0.060519317985
0.0531989812862
0.060791082129
0.0591534607954
0.0612622509535
0.0674100173558
0.0518757517137
0.0525368801223
0.0531848768557
0.0628301394933
0.0672814263578
0.0610305146726
0.0595552668531
0.062277725821
0.06658737142
0.0671036086729
0.0646450603433
0.0660195565111
0.0654571098748
0.0645128646915
0.0625886461653
0.0663985133826
0.0670113083135
0.0670504610128
0.0677163472494
0.0630062795231
0.0549000823423
0.0622264221742
0.0634837558104
0.0643770166
0.0606308947065
0.0629112036423
0.0647004210743
0.0618082889141
0.0626759178393
0.0611153285411
0.0585907566645
0.0584099738985
0.0631143191538
0.0587428466088
0.0562249496794
0.0739024965283
0.0716258121082
0.0680082862344
0.0698534959958
0.0596068155369
0.0703950875989
0.066596831151
0.0640431037277
0.064114369594
0.0626041926933
0.0593024537912
0.0584776822102
0.0629087882085
0.0637667386977
0.066229352533
0.0675844721852
0.0584184966236
0.0579666884094
0.0622395171382
0.0608890139906
0.0643990967026
0.0647656487669
0.0613078478838
0.0581488816446
0.062274724949
0.0608837525728
0.0638365974713
0.0563234961428
0.0634674806897
0.0554650881565
0.0597683025447
0.0564293002688
0.052627118357
0.0560079278674
0.0601833867363
0.0597721568624
0.0604909351024
0.0591674657366
0.0625651051402
0.0588328499481
0.0596708775882
0.0611797914917
0.0628753626086
0.0597454998943
0.0556995595481
0.054585715554
0.0580721680643
0.0616783098499
0.058196388283
0.0612016834974
0.0544097206338
0.0621990305229
0.0622649036714
0.0665038617959
0.0599469113191
0.0626054785383
0.0593698156822
0.0634180717367
0.0657850270891
0.0634317778554
0.0691494826112
0.0605424772086
0.064552484191
0.0635010257872
0.0594829996227
0.0641965002308
0.0656052451136
0.058489063402
0.0655950803549
0.0621404672883
0.0658034446461
0.0628381886143
0.0632664565872
0.0597576591356
0.0603927322928
0.056423000594
0.0686255448157
0.063039614484
0.060341395194
0.0596700763548
0.0586340691673
0.0642798290765
0.0597083206492
0.0577170876646
0.0629429061466
0.062027466246
0.0586305231351
0.0579291471799
0.0613688296497
0.0587834777601
0.0614344667496
0.0591726784461
0.0625805882552
0.0585038639884
0.0568054686782
0.0625256450622
0.0584310107192
0.0619376946739
0.0581847754691
0.067348625805
0.0685536403585
0.067234726029
0.0653244354924
0.0605828612359
0.0603811117696
0.0630943748892
0.0590685739248
0.0612205128974
0.0655881177607
0.0633185398091
0.0559297162547
0.0579617282049
0.0579629715892
0.0609629434039
0.0625686424457
0.0644992347077
0.0643394925702
0.0638037503096
0.0620162271661
0.0642977549382
0.0643055163285
0.0562021351309
0.0605718288438
0.0662104373524
0.0590029458603
0.0672089153286
0.0572864477078
0.058522120658
0.056591538149
0.0568293110788
0.0581271761416
0.0685713476612
0.0702572628777
0.0586415339335
0.0668602426765
0.064113149836
0.0664083522246
0.0636491474459
0.063021170419
0.0610268061364
0.0666262896612
0.0593530547335
0.0635353002988
0.0659422454196
0.0670164193529
0.0685902638942
0.0636595518811
0.061463525414
0.0625705337793
0.0642549589068
0.0659443755434
0.0602683894203
0.0679684529655
0.0652791725202
0.0580121518019
0.0609699556099
0.0613263526217
0.0687901723772
0.0690460688524
0.0649082082243
0.063846961205
0.0632499805976
0.0603570794873
0.0674303429188
0.0682981868125
0.0611233757443
0.0572079613053
0.0617644454005
0.0632795281334
0.0610322903186
0.0678374690667
0.0699257945469
0.0615646734778
0.0642163297981
0.0643288903131
0.0625745590507
0.064076509026
0.0666975364208
0.0594294037269
0.0590189096422
0.0618785522916
0.062914903669
0.0696735850511
0.0694615308371
0.0687606232987
0.0587700342809
0.0598262572643
0.0645615080153
0.0621783777177
0.0633098755277
0.0677483235933
0.0651193505678
0.0588979632339
0.0680002293924
0.0599414294663
0.0628079259778
0.0620107048636
0.0622163184364
0.0626828884738
0.0643578671346
0.0623950298348
0.0621068147341
0.0610307633978
0.0686805008953
0.0637437644169
0.0622265770166
0.0624962400255
0.061213520586
0.0651008586514
0.066429162374
0.0693561034616
0.0646663417047
0.0700817729413
0.0677402532468
0.0673721897691
0.0592712032546
0.0636322835049
0.0643627752622
0.0649494247727
0.0664187389915
0.0659210358379
0.0634056038638
0.0626721472518
0.0623913147064
0.0653449677012
0.0640199808726
0.0628049799692
0.0651218619402
0.0649212186652
0.0639031082117
0.062733087975
0.0603853845872
0.0618887400903
0.0603609525054
0.0592239434087
0.0538398636331
0.0568161011659
0.0588289969793
0.0575915060741
0.0605828515138
0.0693335847445
0.064513863726
0.0647579102893
0.0568712377519
0.0629205524893
0.063294196194
0.0648623440697
0.067491883625
0.0634040570629
0.0627191876209
0.0619755927702
0.0652225053766
0.0642120598048
0.0621039330748
0.0622972730932
0.0651266861635
0.0652754031086
0.0639796926856
0.0703085125838
0.0647609601338
0.0604500231129
0.0568729734182
0.0592694644411
0.0578176800791
0.0616975506339
0.0660531081552
0.0669064106573
0.0603683556871
0.0598976682972
0.0628332225422
0.0615031862153
0.061832259182
0.0634825596834
0.0638884443968
0.0656941986854
0.0648754573914
0.0681305420543
0.0649100003757
0.0583350340296
0.0606847743932
0.0643288533808
0.0625399340855
0.0707517258978
0.0619944249469
0.0638850117098
0.0623660944924
0.070268364757
0.0679201150172
0.0630710905731
0.0663607748403
0.0659606536034
0.0661102882022
0.0632877022046
0.0652820705781
0.0657780778516
0.058535363303
0.0625921933013
0.0668753701185
0.0664120125478
0.0662924881808
0.0663847080224
0.0668967570239
0.0649529860151
0.0670297922527
0.0668744621413
0.0682089387816
0.0719640889106
0.0665112888297
0.0651890958649
0.061990018225
0.0714474615501
0.0675100497395
0.0632068422296
0.0661661845679
0.0717834402013
0.0678055462831
0.0686189377097
0.0692847225511
0.0677861644413
0.0668013436493
0.0672345650966
0.0651411245893
0.067908029464
0.0689931746932
0.0691148831181
0.0607747810781
0.062975568732
0.0636842843225
0.0620544867648
0.0645468173474
0.0628857855592
0.0651303242351
0.0658597832465
0.0668618993623
0.0712827734642
0.0749867823964
0.0736895485902
0.0726985323611
0.0641536490176
0.067033298663
0.0694357030402
0.0673712378377
0.0674629805086
0.0597582641123
0.0634666149147
0.0635750227022
0.0668207773822
0.0652534861851
0.0646202758884
0.064507473887
0.0629939300412
0.0689272365692
0.0666275711005
0.064424029788
0.0619797538526
0.0682197029899
0.0687732530588
0.0689574544899
0.0687981587588
0.0681893568304
0.0625531166988
0.0673806629388
0.0634726784528
0.0669634417463
0.0680845577757
0.0691085167628
0.067247566608
0.068277936555
0.0649190292189
0.0740911642564
0.0744979849696
0.0618905973529
0.0657235233894
0.0650993358098
0.0660315870809
0.0695900600634
0.063890122874
0.0667314760565
0.069865593326
0.0695357314483
0.067711037239
0.0662393935509
0.0644803527496
0.0621269714487
0.0624254220279
0.066772698825
0.0658230432265
0.0631028228299
0.0646346212459
0.0661096270509
0.0694638695326
0.0709040247527
0.0686219643708
0.0655758707724
0.0623747168436
0.0654281368107
0.0634142227659
0.0674549836532
0.0676727154259
0.0652421334066
0.070749584719
0.067468888485
0.0669756884127
0.0643304817877
0.0674646694368
0.0631481054705
0.0615852101601
0.0646721631966
0.0588690004314
0.069032252132
0.0691858146793
0.07109904216
0.0689404283956
0.0675049310789
0.0659179264323
0.0726885073593
0.0677425160062
0.0685748403045
0.0661738167776
0.067870682245
0.066688402191
0.0694103380955
0.067773854328
0.068894406991
0.0677457969133
0.068446941606
0.0676122910318
0.0699570182552
0.0612950517804
0.0639332622033
0.0675040616975
0.0657878004495
0.0714305653147
0.0682104944827
0.0679911606082
0.0679833091672
0.0711688408154
0.0714527177861
0.0707849511815
0.0701889101891
0.0702030213304
0.0677755248206
0.0686094820509
0.0719600752192
0.0631683648805
0.0613415146688
0.0650468028126
0.0681684105425
0.0648858086558
0.0664929001588
0.0672475109307
0.0674721513615
0.0698523360176
0.0675099353373
0.0700638643353
0.0711291166916
0.0707872276751
0.0678092729963
0.0659221896556
0.0664756309467
0.0678770989532
0.0669454812427
0.0680058026621
0.069851980157
0.0706712838569
0.0678565778315
0.068803342473
0.0697460491479
0.0698588564972
0.0683285476594
0.0706864940185
0.0694903332404
0.069310414881
0.0645976219658
0.0607736871915
0.0607173968685
0.0691146968489
0.0674818450877
0.0669194901539
0.0669398874325
0.0647603144849
0.0696561426043
0.0664293345246
0.0673508551608
0.0713112847944
0.068615068231
0.0709476246681
0.0696557121715
0.0723895306306
0.0718484447823
0.0712795591284
0.0674208349389
0.0698187535355
0.0704226743752
0.0709517579051
0.074498891395
0.0678585703463
0.0697771578306
0.0681907801814
0.0691050084563
0.0661478060118
0.0674399255505
0.0644602871235
0.0655235535474
0.0684016641993
0.0686318838191
0.0706053915176
0.0715149930183
0.0713961531267
0.0694877808261
0.0694798146013
0.0701657700849
0.0714661733412
0.0728467792581
0.0684559440561
0.0694229116741
0.0675844691367
0.0653573927886
0.0705530908687
0.0706661212796
0.0672950212052
0.0687979198412
0.0695542779998
0.0702185952371
0.0684290829183
0.0639596551804
0.0667685444898
0.069920401872
0.0667495776368
0.0664014472912
0.0686060296376
0.0641223387929
0.0646175489206
0.0661608724832
0.0643175930311
0.0688298144216
0.0700131779415
0.064491560996
0.0664236264824
0.067311422923
0.0726564602064
0.0763108599277
0.0659958036246
0.0683427258065
0.0676047879951
0.0710712963506
0.0700149520328
0.0702149702523
0.0678304758226
0.0718244085477
0.0651666656082
0.0746665889342
0.07263889157
0.0691940314557
0.0716237904954
0.0714447976226
0.0718293774048
0.0697898483516
0.0663955136493
0.0724292157603
0.0686463742798
0.0661866335417
0.0676866855397
0.0705014134566
0.0694493953116
0.068610598443
0.0638272024827
0.0671147885973
0.0718641599282
0.0718331925465
0.0679876090011
0.0645621002834
0.0630233022567
0.0660339412845
0.0693849042046
0.0632926755463
0.0653035342901
0.0639533038497
0.06678819735
0.0641474558787
0.0644352572371
0.0633957813614
0.0641393001843
0.066613879169
0.0645575412627
0.0654673202708
0.0694097086533
0.0688342075124
0.066119735904
0.0628337951756
0.0676754539101
0.0690943544029
0.0665629239112
0.0641733482998
0.0679732932015
0.0658849484243
0.0676296097679
0.0659488949958
0.0672130165742
0.0671982380866
0.0678033654242
0.0662772932838
0.0668835010125
0.0704947667164
0.069048303463
0.0696649269254
0.0710859735896
0.0696002009963
0.0680038438105
0.0692624983709
0.0675546513543
0.0680364835662
0.0649875989022
0.0728441402248
0.0720394960107
0.0662819798017
0.06451112363
0.0649577223355
0.0665400350459
0.0637128953606
0.065416321692
0.0690224680483
0.0690783714844
0.0660385327836
0.0669021713784
0.0702576135913
0.0714302907462
0.0703071438455
0.0685677765358
0.0667769323155
0.0657109729263
0.0675083906084
0.0671007216811
0.0665799948034
0.067231554188
0.0673922135024
0.0666929822877
0.0644978316272
0.0625753165096
0.0641591537072
0.0639967717158
0.0652343632128
0.0674638281548
