0
7.79527514919
17.7333525566
32.399890468
37.4138916247
40.2885358926
48.4824807082
53.5186888111
61.5847991887
67.8120283732
75.2046104554
86.5373445684
97.0360401122
105.317593767
105.317593767
110.570392304
119.635803117
126.079278936
126.079278936
126.079278936
127.272087887
127.272087887
134.768632721
139.048795138
142.825577457
142.825577457
154.269371222
168.290157132
177.58789766
177.58789766
180.852540049
180.852540049
180.852540049
189.609725081
199.030432865
213.728233912
219.415059495
229.335308473
234.239297468
242.394505271
247.610863549
253.281335887
265.2149299
267.328543325
272.086765489
285.217475478
293.927740208
301.529918397
310.725187877
316.802340741
316.802340741
321.573265119
328.499405898
332.84104407
342.18952904
355.063075282
361.502237048
374.177747425
382.328497646
388.25345061
393.538718586
393.538718586
406.113454009
417.77308707
430.886220191
432.654344164
441.947130021
445.454575722
450.196559783
463.091078973
476.024940103
486.527511354
496.75695616
499.656500566
513.19591828
523.917928726
531.715642463
531.715642463
544.495711629
544.495711629
555.770087183
555.770087183
568.968474064
577.336830219
586.46512664
586.46512664
600.332735813
611.580953883
621.481798404
625.465164432
633.446788128
641.029007742
647.479655103
654.646489256
666.323327295
666.323327295
670.636010622
680.579868761
680.579868761
680.579868761
692.559757762
694.685702173
705.203083701
720.081735477
735.024904439
745.669416728
757.338950287
757.338950287
762.718416811
765.218027523
778.502658672
782.196321305
787.778703405
799.344430719
810.57866115
810.57866115
825.062626823
828.527355559
837.70965816
849.70175186
849.70175186
849.70175186
853.792962341
863.720109519
873.92235078
880.689986417
882.921731794
886.727409667
895.859858178
898.632550736
907.062672082
914.70122254
914.70122254
923.610131449
928.715236554
930.116637956
936.523044362
940.727248566
948.334856174
955.842363681
963.049570889
970.857378696
973.359881199
980.967488806
980.967488806
983.969490808
992.077598917
994.379901219
1001.58710843
1010.69621754
1013.19872004
1013.19872004
1015.80132264
1015.80132264
1017.60312444
1024.00953085
1029.41493625
1033.81934066
1042.42794927
1050.53605738
1055.34086218
1061.74726859
1066.65217349
1069.15467599
1071.5570784
1071.5570784
1079.4649863
1087.87339471
1090.47599732
1098.68420552
1106.49201333
1108.49401533
1110.39591723
1113.39892024
1122.10762895
1122.10762895
1122.10762895
1130.31583715
1138.72424556
1138.72424556
1140.42594726
1149.13465597
1155.74126258
1164.65017149
1164.65017149
1169.45497629
1176.4619833
1183.86939071
1183.86939071
1184.87039171
1188.27379511
1196.08160292
1202.98850983
1202.98850983
1209.99551683
1213.39791924
1220.50502634
1222.30682815
1224.90842975
1233.91743876
1236.52004136
1244.52804937
1244.52804937
1244.52804937
1251.93545677
1254.63815948
1254.63815948
1260.04356488
1268.25177309
1272.05557689
1280.4639853
1285.86939071
1293.97749882
1301.68520652
1301.68520652
1308.39191323
1317.80132264
1325.50903035
1328.01053185
1331.81233365
1339.01954086
1339.01954086
1346.92744877
1354.13465597
1354.13465597
1361.84236368
1371.05157289
1378.9594808
1382.2617831
1390.06959091
1390.06959091
1397.87739872
1400.67920052
1403.48200332
1406.78330462
1410.08660793
1416.09261393
1424.19972104
1425.30082214
1432.40792925
1439.71523655
1439.71523655
1443.71924056
1444.92044176
1448.82234366
1455.82935067
1462.93645778
1466.94046178
1475.34887019
1484.0575789
1484.0575789
1484.0575789
1492.2657871
1492.2657871
1492.2657871
1496.56909041
1504.67719852
1513.18570702
1521.79431563
1528.30082214
1532.60512644
1536.20873005
1539.81233365
1548.92144276
1553.12564696
1553.12564696
1561.23375507
1570.44296428
1578.55107239
1578.55107239
1586.4589803
1592.0645859
1600.77329461
1608.38090222
1615.38790923
1622.89541673
1624.69721854
1631.00352484
1634.30582714
1634.30582714
1636.60812945
1641.41293425
1648.41994126
1651.92344476
1659.43095227
1661.83335467
1669.94146278
1672.34186318
1680.75027159
1680.75027159
1680.75027159
1688.0575789
1689.4589803
1689.4589803
1697.76728861
1707.87739872
1717.98750883
1725.39491623
1725.39491623
1733.00252384
1737.00652785
1737.00652785
1737.00652785
1744.31383515
1751.52104236
1751.52104236
1757.72724857
1760.22975107
1760.22975107
1768.33785918
1776.14566698
1777.24676809
1777.24676809
1784.75427559
1787.5570784
1788.9584798
1795.4649863
1803.97349481
1807.87739872
1807.87739872
1809.47900032
1811.48000132
1818.58710843
1826.49501633
1834.90342474
1834.90342474
1842.21073205
1846.11463595
1854.42294426
1854.42294426
1860.62915047
1860.62915047
1869.53805938
1871.94046178
1879.54806939
1879.54806939
1886.45497629
1895.163685
1895.163685
1897.76628761
1899.96748881
1908.37589721
1915.18270402
1922.79031163
1930.29781914
1930.29781914
1938.10562694
1940.30782915
1947.61513645
1947.61513645
1955.22274406
1962.12965097
1962.12965097
1968.93645778
1968.93645778
1968.93645778
1974.44196328
1977.64516648
1984.65217349
1992.159681
2001.56909041
2010.07759892
2010.07759892
2010.07759892
2010.07759892
2017.28480612
2025.39291423
2033.90142274
2036.40392524
2038.50602735
2046.31383515
2053.42094226
2055.12264396
2063.83135267
2068.33585717
2075.44296428
2083.55107239
2086.75227359
2093.65517649
2095.3568782
2099.6611825
2099.6611825
2110.47199331
2118.68020152
2118.68020152
2126.78830963
2126.78830963
2133.99551683
2136.19771904
2138.89841974
2146.00552684
2148.40692825
2150.80933065
2158.51703836
2158.51703836
2158.51703836
2165.82434566
2165.82434566
2174.13265397
2183.34186318
2190.24877009
2192.34987119
2199.8573787
2199.8573787
2201.5590804
2210.26778911
2212.26979111
2215.57309441
2217.87539671
2217.87539671
2219.97749882
2219.97749882
2228.28580712
2236.49401533
2246.00352484
2250.30782915
2252.61013145
2252.61013145
2260.41793926
2267.42494626
2267.42494626
2274.63215347
2281.73926058
2289.64716849
2289.64716849
2289.64716849
2296.65417549
2303.0605819
2311.56909041
2311.56909041
2311.56909041
2314.87039171
2322.47799932
2329.08060192
2329.08060192
2329.08060192
2332.58410542
2334.48600733
2334.48600733
2336.68820953
2339.59111243
2339.59111243
2347.39892024
2356.20772905
2358.10963095
2361.11263395
2361.11263395
2362.71423555
2372.12364496
2378.32985117
2385.13665798
2388.23976108
2396.04756889
2398.24977109
2405.8573787
2415.26678811
2423.37489621
2431.28280412
2437.28881013
2445.19671804
2451.70322454
2460.71223355
2470.72224356
2470.72224356
2478.42995127
2486.93845978
2486.93845978
2495.04656789
2503.15467599
2509.7612826
2509.7612826
2509.7612826
2511.5630844
2511.5630844
2520.17169301
2527.67920052
2529.38090222
2535.08660793
2535.08660793
2535.08660793
2544.09561693
2544.09561693
2546.79831964
2546.79831964
2554.50602735
2561.01253385
2561.01253385
2561.01253385
2568.72024156
2568.72024156
2568.72024156
2568.72024156
2578.63015147
2585.73725858
2593.64516648
2593.64516648
2596.94746879
2599.44897029
2602.35187319
2603.65317449
2609.9594808
2617.96748881
2625.27479611
2628.37589721
2636.08360492
2636.08360492
2638.48600733
2646.59411543
2655.70322454
2657.80532664
2665.51303435
2665.51303435
2672.21974106
2680.62814947
2688.33585717
2692.74026158
2700.74826959
2701.74927059
2701.74927059
2708.8563777
2718.4659873
2725.27279411
2727.77529661
2732.27980112
2740.18770903
2740.18770903
2743.99151283
2750.89841974
2754.20072204
2754.20072204
2758.10362494
2765.81133265
2774.21974106
2781.82734867
2791.53705838
2799.44496628
2809.15467599
2809.15467599
2816.8623837
2824.16969101
2831.17669802
2831.17669802
2840.18570702
2848.89441573
2851.29681814
2851.29681814
2854.09861994
2862.40692825
2870.61513645
2872.91543675
2872.91543675
2880.92344476
2887.73025157
2891.43295427
2896.93845978
2905.04656789
2907.54907039
2907.54907039
2910.05157289
2910.05157289
2918.0595809
2920.4619833
2928.26979111
2928.26979111
2930.27179311
2933.47499631
2943.28480612
2950.09161293
2952.69321453
2960.00052184
2966.40692825
2974.31483615
2974.31483615
2977.11763896
2977.11763896
2985.32584716
2993.03355487
3001.04156288
3008.14866999
3008.14866999
3016.8573787
3018.6591805
3025.56608741
3032.17269401
3035.27579711
3043.88440572
3051.99251383
3059.39992124
3059.39992124
3059.39992124
3066.50702835
3068.20772905
3073.91343475
3082.42194326
3082.42194326
3090.73025157
3098.13765898
3104.54406538
3111.95147279
3119.6591805
3122.6621835
3131.17069201
3131.17069201
3134.17269401
3142.38090222
3146.28280412
3146.28280412
3148.68520652
3148.68520652
3148.68520652
3156.49301433
3164.20072204
3164.20072204
3171.90842975
3174.11063195
3181.61813946
3181.61813946
3185.32184316
3192.52905037
3201.13765898
3209.24576708
3217.15367499
3220.85537669
3227.9624838
3234.86939071
3241.87639772
3248.38290422
3248.38290422
3251.08360492
3251.08360492
3260.59311443
3264.09661794
3267.69721854
3277.30682815
3282.01153285
3289.91944076
3297.52704837
3305.53505637
3312.94246378
3312.94246378
3316.24476608
3324.25277409
3332.6611825
3335.162684
3342.87039171
3350.57809942
3358.08560692
3365.49301433
3374.00152284
3380.90842975
3383.21073205
3392.01954086
3398.32584716
3406.03355487
3408.73525657
3408.73525657
3416.84336468
3419.94646779
3425.15167299
3425.15167299
3429.25477609
3434.2597811
3441.56708841
3444.36989121
3446.47199331
3449.57309441
3451.77529661
3454.07759892
3456.37990122
3464.48800933
3472.59611744
3475.39791924
3475.39791924
3476.89942074
3485.10762895
3493.61613746
3501.62414546
3510.43295427
3510.43295427
3510.43295427
3517.84036168
3524.34686819
3532.45497629
3541.0635849
3547.16969101
3555.27779912
3564.18670803
3567.89041173
3575.49801934
3583.90642775
3590.91343475
3590.91343475
3593.91643776
3602.82534666
3605.22774907
3606.52905037
3613.63615748
3617.33986118
3617.33986118
3617.33986118
3621.14366498
3628.85137269
3636.6591805
3645.26778911
3651.07359491
3651.07359491
3658.58110242
3660.88140272
3668.38891023
3675.29581713
3675.29581713
3683.10362494
3692.61313445
3700.62114246
3704.32484616
3712.93345477
3719.33986118
3721.84236368
3729.24977109
3729.24977109
3736.7572786
3736.7572786
3738.4589803
3746.86738871
3754.27479611
3762.38290422
3763.78430562
3770.89141273
3775.49501633
3775.49501633
3783.10262394
3783.60312444
3791.51103235
3793.51303435
3800.52004136
3800.52004136
3805.12464596
3812.43195327
3819.63916048
3819.63916048
3819.63916048
3822.64216348
3830.04957089
3837.5570784
3840.7602816
3848.56708841
3857.17569701
3864.88340472
3866.08360492
3873.09061193
3882.50002134
3882.50002134
3884.00152284
3891.50903035
3891.50903035
3894.51203335
3901.51904036
3904.62214346
3912.93045177
3914.63215347
3917.23475607
3925.64316448
3934.75227359
3934.75227359
3934.75227359
3941.7592806
3941.7592806
3944.4619833
3946.0635849
3953.27079211
3957.57209341
3964.77930062
3972.28680813
3973.98750883
3981.39491623
3989.80332464
3997.51103235
4005.21874006
4007.62114246
4015.72925057
4020.83435567
4027.74126258
4035.24877009
4038.05157289
4045.8593807
4045.8593807
4053.46698831
4060.57409541
4060.57409541
4062.47599731
4070.38390522
4078.79231363
4080.59411543
4082.29481613
4083.69521653
4083.69521653
4092.10362494
4092.10362494
4094.10562694
4102.21373505
4110.42194326
4112.22374506
4112.82434566
4120.43195327
4128.84036168
4137.14866999
4146.157679
4149.7592806
4156.4659873
4156.4659873
4163.77329461
4172.38190322
4176.68620753
4183.99351483
4186.99651784
4194.90442574
4202.81233365
4211.92144276
4211.92144276
4218.52804937
4226.73625758
4234.74426558
4242.45197329
4250.4599813
4257.96748881
4265.27479611
4265.27479611
4272.48200332
4280.18971103
4287.89741874
4295.40492624
4297.80732865
4306.61613746
4309.11763896
4317.02554686
4324.43295427
4332.74126258
4340.04856989
4347.5560774
4349.6561775
4349.6561775
4349.6561775
4352.2587801
4360.86738871
4364.66818951
4364.66818951
4373.47699832
4381.48500632
4388.49201333
4396.90042174
4404.60812945
4408.51203335
4410.91443575
4413.41693826
4421.22474606
4428.93045177
4436.13765898
4445.64716849
4445.64716849
4453.15467599
4460.3618832
4469.27079211
4477.37890022
4477.37890022
4480.18070202
4482.18270402
4483.88440572
4483.88440572
4485.58510642
4492.59211343
4501.10062194
4501.10062194
4505.60512644
4514.11363495
4522.12164296
4530.02955087
4537.53705838
4540.43996128
4543.54206338
4546.34486618
4549.74826959
4556.55507639
4563.7622836
4563.7622836
4566.8653867
4574.57309441
4577.87639772
4581.68020152
4589.48800933
4596.99551683
4604.70322454
4613.11163295
4613.11163295
4614.91343475
4614.91343475
4616.61513645
4619.91843976
4628.02654787
4630.62814947
4633.33085217
4640.73825958
4642.03956088
4649.24676809
4649.24676809
4649.24676809
4657.75527659
4665.3628842
4665.3628842
4671.66919051
4679.37689822
4687.58510642
4689.68720853
4696.79431563
4696.79431563
4704.30182314
4713.11063195
4720.51803936
4728.12564696
4736.23375507
4738.33485617
4744.94146278
4752.54907039
4760.7572786
4768.8653867
4772.16768901
4775.06959091
4778.87339471
4782.07559691
4785.17870002
4792.08560692
4792.08560692
4792.28580712
4792.28580712
4799.49301433
4807.40092224
4814.90842975
4820.21373505
4822.51603736
4823.41693826
4823.41693826
4832.22574706
4834.72724857
4835.62814947
4835.62814947
4841.93445577
4848.94146278
4852.24476608
4859.35187319
4867.159681
4876.06858991
4884.77729862
4890.08260392
4890.08260392
4894.38690823
4902.19371503
4909.70122254
4916.10762895
4922.71423555
4922.71423555
4928.52004136
4931.92344476
4931.92344476
4939.73125257
4943.63515647
4947.33886018
4947.33886018
4949.94046178
4958.84937069
4966.4569783
4974.0645859
4977.36788921
4979.77029161
4988.17870002
4989.88040172
4997.38790923
4997.38790923
4997.38790923
5000.49001133
5003.49301433
5005.29481613
5007.19671804
5015.20472604
5021.71123255
5026.01353485
5034.42194326
5034.42194326
5041.42895027
5047.83535667
5057.24476608
5059.74626759
5067.35387519
5069.35587719
5076.6631845
5078.4649863
5085.27179311
5086.47299431
5086.47299431
5088.27479611
5097.18370502
5104.39091223
5109.09561693
