0.544260183555
0.376376183051
0.269936946002
0.196993078112
0.151273193655
0.182361513502
0.146552859878
0.14407875369
0.118943162226
0.101975838012
0.0899648766576
0.0821634789635
0.0845170823401
0.0853074293948
0.0821331796142
0.101366926225
0.0955731723484
0.0976787494474
0.109836591596
0.110289963566
0.122002119774
0.112767332788
0.101492798579
0.095397944816
0.0921324146814
0.107300610865
0.113524979962
0.0869876665293
0.104014303642
0.0841504469234
0.0935300895738
0.0963664341681
0.10379881376
0.11493998334
0.130301031753
0.11896743071
0.0949473427383
0.0927620143502
0.0998235238114
0.111939480649
0.110047080168
0.0912136133549
0.0872926475918
0.0986543725706
0.0942179201825
0.0777577868729
0.0817892041602
0.0877515224977
0.0792806681739
0.0956929067631
0.0823633131283
0.0887420498623
0.0948188542507
0.10945292491
0.0988374545898
0.0991018702211
0.0900974452465
0.0840330375293
0.0982169787343
0.0901121624144
0.079842288244
0.0944833469165
0.0966374702944
0.101894496421
0.0784234515866
0.0908512862494
0.0885592738573
0.0851625007678
0.0863589020712
0.0854227540956
0.0864684319364
0.0813037174111
0.0874737467007
0.081023725557
0.0848269563466
0.0790921585276
0.0878607608125
0.0933089031601
0.0685382578583
0.0751088067333
0.0700181483964
0.0713402434405
0.0611217144889
0.0694061872483
0.0723847216785
0.071843704934
0.0720310127222
0.0596451828137
0.0641144939052
0.0622208769406
0.0662251114612
0.0689261204816
0.072188691692
0.0755952952077
0.0576306055099
0.0661458713254
0.0648045602836
0.0660717583906
0.0650029406933
0.0627968385323
0.057571807259
0.0681308369887
0.061703688511
0.0575142946088
0.0551191177613
0.06290248457
0.0601378961047
0.0623122888564
0.0659301156556
0.0630962300171
0.055499946441
0.0561935631626
0.0579496415635
0.0659970337534
0.060191080817
0.0540226867188
0.0566663228784
0.0609014894007
0.0633205988405
0.0630647802237
0.0588738148867
0.0658666399602
0.0578101155738
0.0573796114451
0.0623989601908
0.0563237375667
0.0641735832853
0.058618462421
0.0625624287903
0.0542054868588
0.0483853082616
0.057947576374
0.0542274563446
0.0579842404582
0.0588237412174
0.0637855854566
0.0505847238909
0.0546746643053
0.0583890192475
0.0547242403219
0.052618560604
0.0571407209807
0.0533561226257
0.0511988440776
0.0506361463742
0.0543224485748
0.055346785379
0.0469083319165
0.0503419558443
0.0479395421454
0.0514696598047
0.0528533691145
0.0563474979129
0.0538840633795
0.0505070481308
0.0474880888096
0.0502569134452
0.0500782235872
0.0508988394715
0.0554126801661
0.0513102324637
0.0513272196967
0.0500538144263
0.0433919383285
0.0557512093405
0.0559454801601
0.0512403770927
0.0549879433427
0.0568274066389
0.0513565655658
0.0567111411625
0.0498402828269
0.0557801644071
0.053540742289
0.0492784174236
0.0565789641949
0.0526933283434
0.0575035022959
0.0566095230121
0.058635338861
0.0617554347481
0.0562364118595
0.0581687653122
0.0580986386359
0.0540604609589
0.0579406840407
0.0563140331181
0.0657008781414
0.0606774443649
0.0616463820067
0.0593929717747
0.059792354109
0.0580745110738
0.0553237840173
0.055797310892
0.0573127323988
0.0572905494
0.0524198448465
0.0497860784237
0.0552887599479
0.0578518363005
0.0533711149692
0.0564651538943
0.0524916416948
0.0500137321038
0.0541024869537
0.0511897848544
0.0536417819796
0.0529185144823
0.052999660241
0.0532394564816
0.0534902772429
0.0550473174832
0.050550037867
0.0519279224739
0.0507916921394
0.0550017696451
0.0575104119298
0.056328973998
0.0540103133525
0.0494015945482
0.0536276872565
0.0543792967562
0.057511626679
0.057421462641
0.0529335168828
0.0499177586144
0.0523069206287
0.0460520720649
0.0490631130772
0.0472008071925
0.050301558402
0.0483463620344
0.0394342918133
0.045679838857
0.0461740700236
0.0503112595126
0.0522249528368
0.0496082787846
0.0498417189555
0.0496240886986
0.0474756107391
0.0506719803707
0.0500745927671
0.0450421160898
0.0460777860487
0.0482876684476
0.045164209988
0.0433465879269
0.0424693581666
0.0463995854228
0.0478778767523
0.0526226324582
0.0481337740324
0.0499695825068
0.0471029642191
0.0457152026703
0.0478634795954
0.0477047472791
0.0505040083139
0.0510285606965
0.0520465598749
0.0481131915569
0.044772187844
0.0483599878105
0.0472502325276
0.0486927431089
0.047848217279
0.0480291170522
0.0483350579072
0.0471123005933
0.0526565646462
0.0499418106196
0.049854566242
0.047326694026
0.0480293459072
0.0494335062601
0.0499279941641
0.051957543417
0.0534915750688
0.050725899195
0.0434818123032
0.0483872079835
0.0472235106341
0.0509073391107
0.0482720499833
0.0475612637971
0.0483668396387
0.0444297225084
0.0459459951529
0.0520688154564
0.0518145869256
0.0505928833668
0.0441812861892
0.0486899599891
0.0513831546342
0.0507411840472
0.0494497928694
0.0485994889999
0.0469231195049
0.0484900202022
0.0472041492388
0.0539011335289
0.0506207323817
0.0496178314908
0.0485757258414
0.0456894702963
0.0455292838398
0.0470615605425
0.0467096846289
0.0447141836074
0.0451084594523
0.0484181146894
0.0447466110934
0.0503993475042
0.0495249103462
0.0528598099107
0.0476597241119
0.0463142258988
0.0481111580525
0.0469672498282
0.0481548189849
0.0516892778107
0.0484925718839
0.050875830777
0.0498344965485
0.0469713934958
0.0463629357157
0.045598790953
0.0440632833743
0.0436701787642
0.043849129814
0.0413733560751
0.0449508271809
0.044931569322
0.0454443940078
0.0411928573711
0.0438971268872
0.0406019119402
0.0440958762131
0.0412055583758
0.0417375500606
0.0443514936689
0.0432896521252
0.0454559890281
0.0462181869886
0.0446716611278
0.0448187926408
0.0447924515496
0.044171621494
0.0476315880427
0.042807593117
0.0402629714981
0.0394189660025
0.0447968644019
0.0442541873248
0.0451743029261
0.0427790421875
0.0396158159346
0.0399918692044
0.0404521514362
0.036416430698
0.0422757168603
0.0379985947367
0.0431610406279
0.0425419655532
0.0459276012333
0.0431635921145
0.0440410736932
0.0454081258217
0.0448823712663
0.044778795147
0.0451481585269
0.0420836670751
0.041047197818
0.0443598041531
0.0436541137235
0.043379899572
0.0446176243237
0.0429350823613
0.0404877954094
0.0388289375261
0.0417178526392
0.0408109237097
0.0423058947454
0.0443554082966
0.0440668310693
0.0438737241449
0.039903204504
0.0406087123167
0.0400611745197
0.0423646783422
0.0416305195048
0.0442762669426
0.0401984754487
0.044775138325
0.0383171474765
0.0420780281642
0.0447922603557
0.0436501246818
0.0427556334614
0.040960984222
0.041737506723
0.03864975559
0.0359702521598
0.039868575695
0.0404980566542
0.0372902155976
0.0384123423596
0.037133743292
0.0420709328975
0.0402819422941
0.0376179367198
0.0409972259179
0.0415574719126
0.0384700353086
0.0354039667531
0.0382058738709
0.0393190447854
0.0382951560668
0.037093386455
0.0386489312085
0.0363758703667
0.0383868592434
0.043448357739
0.0399102630673
0.0384775458656
0.0415441889164
0.0418033045142
0.0411429353606
0.042210011662
0.0414338663142
0.040936175894
0.0485216374581
0.0384865640441
0.0374199808594
0.0391825789588
0.0358364388978
0.0364925625783
0.0420922851415
0.0381270679898
0.0381725908833
0.0380667892433
0.0358103258543
0.0414871428375
0.0395362397259
0.0400343183455
0.0369235631263
0.036774880667
0.0398230769356
0.0394785293027
0.0355458373299
0.0364499337835
0.0376305067667
0.0387384560711
0.0365142626359
0.034892744598
0.0389256975351
0.0355308608409
0.0385290273631
0.0379924799059
0.0382128641137
0.0335225948474
0.036388491207
0.0343866261794
0.0379431181318
0.0395646618523
0.035724496279
0.0377843642348
0.0379106921567
0.0383930061085
0.0389778652456
0.0356188049254
0.0336163118971
0.0341780094235
0.0370818133523
0.03722519755
0.0355754219925
0.0322972643809
0.0320442757051
0.0385936001925
0.0359721845771
0.0379519552863
0.0350130803032
0.0387475765705
0.0396793051223
0.0351489969837
0.0379338244317
0.0363408564688
0.0364816578113
0.0366255191144
0.0388315713774
0.0362315597697
0.034480031956
0.0379397920779
0.0415855101645
0.0402573367958
0.0411691608363
0.040797976227
0.043516293756
0.0403525337857
0.0379091781196
0.0371773982584
0.0353671805327
0.0338081200218
0.03157007742
0.0334361513466
0.033655387958
0.0316652315756
0.0316822076873
0.0392577571445
0.0401856244832
0.0401162507882
0.0439287856118
0.0425184543239
0.0388096519223
0.0396073053629
0.0353738296056
0.0338095917291
0.0371872171556
0.0366361899087
0.0379897971112
0.0374460177782
0.0339344209895
0.0375895503823
0.0348607708202
0.039990077832
0.0401460737279
0.0342262890138
0.0378071018417
0.0366516215465
0.0374283955387
0.0371379877031
0.0374454417315
0.0345875601713
0.0348857868559
0.0335138502942
0.0359894924272
0.0377304460881
0.0376311473066
0.0337790193284
0.0363749688523
0.0380693247418
0.0362902541012
0.03520522276
0.0352653174059
0.0349286681999
0.0343980532308
0.0374535065799
0.0308944962481
0.0353322780823
0.0356900640887
0.0362288090594
0.0320638035971
0.0328947567076
0.0331489075959
0.0319270414446
0.0327310417187
0.0347006713939
0.0359777828792
0.0338495571894
0.0322395702311
0.034779323343
0.0337979328715
0.0374981628365
0.0354270916082
0.0342777561655
0.0348426225446
0.0347372905033
0.035554305352
0.0350881170855
0.0305609293417
0.032363008589
0.0344527476668
0.0350792430616
0.0342376860907
0.0333927891568
0.0345780863337
0.0364741423184
0.0363052548307
0.0371928214787
0.0391641765569
0.0371682596838
0.0377221323215
0.0374130354223
0.0330237971423
0.0376244636078
0.0286239736888
0.0380280496108
0.0328484011324
0.0348447387695
0.035027998075
0.0347446352614
0.0327660305905
0.0371261271276
0.0358238840095
0.0356085022549
0.0347535721683
0.0334290090119
0.0344973403993
0.0366805919157
0.0378528924566
0.0378736251275
0.0386053910264
0.0368371900436
0.0361310776535
0.0360661326228
0.0403950766196
0.0362881399399
0.038038218802
0.0372093329421
0.0380152245464
0.0389606266719
0.0364076653087
0.0368442411926
0.036479410948
0.0374663095735
0.035024277709
0.037071016996
0.0336633700409
0.0358015164428
0.0356768916561
0.0354326407463
0.0391980096844
0.0368435840163
0.0359780975786
0.0386990538504
0.0397073887696
0.0391736454607
0.0362949975366
0.0371833260731
0.0373799853569
0.0372660611078
0.0378810413653
0.0358040440021
0.0356497271744
0.0375047369373
0.0375400307555
0.0352082146957
0.0336382791965
0.034872210717
0.0371339302002
0.0369017330915
0.0376259192048
0.0326760789119
0.0340343296822
0.0345549843403
0.0346313586386
0.0326455121421
0.0333656258897
0.0350671465906
0.033864700105
0.0320217771084
0.0360768064075
0.0396115739728
0.0357326234219
0.0350398558128
0.0370056188637
0.0345483486328
0.0331963962596
0.0359082849921
0.035944975863
0.0356212480393
0.0326745042546
0.0332954648213
0.0369433665422
0.0355769485822
0.0333819879471
0.0345759854576
0.0372326605051
0.034209213027
0.0352494267437
0.0344222540896
0.0334650782991
0.0348186703619
0.0333588819192
0.0338116954435
0.0331186260932
0.0360039540568
0.0372794048111
0.0368006840065
0.0360401272746
0.0352349741623
0.0338935677179
0.033559631935
0.0339699158174
0.0328952565843
0.033946130275
0.0349267711224
0.0350420727482
0.0358525693103
0.0324390689451
0.0330464300433
0.0343598116817
0.0340041453522
0.0316196980221
0.0353893069608
0.033531385327
0.0383712488949
0.0368827958397
0.0397918081615
0.035204937203
0.0369016728889
0.0366475633149
0.0355952137246
0.0369267925255
0.0371012609999
0.0378990256333
0.0341181418388
0.0374181083388
0.0388262921048
0.0369196991564
0.0318901369504
0.0328512373352
0.0327416450121
0.0335307410997
0.0325410263189
0.0307215205291
0.0337628102371
0.0341440372209
0.0356383592306
0.0369081054955
0.0378182966266
0.0363371168241
0.0373875470295
0.0387260047704
0.0363520137033
0.0393875172392
0.0336213150458
0.0333530902448
0.0324037635309
0.0328893876235
0.0331043318926
0.0337414233687
0.035536726173
0.0369849562496
0.0352782311001
0.0363803287832
0.0346620696454
0.0338895426615
0.034970370818
0.0367626374617
0.0357655549866
0.0372587429663
0.0395748818669
0.0394576822568
0.0390054682852
0.0383958981234
0.0401164836258
0.0367817783321
0.0377305570494
0.0340621261184
0.0366529574477
0.0345486796816
0.0371811856184
0.0375575418664
0.033329400378
0.0358351637169
0.0374784818799
0.0363724580188
0.038060763958
0.0352363960342
0.0374842502148
0.0363318298857
0.0370570548435
0.0372414447947
0.0369805354272
0.0357560921392
0.0370007783211
0.0359700475714
0.0361787398929
0.0358770589119
0.0347524360576
0.0358530223635
0.037350083263
0.0375036317232
0.0364384263603
0.0331181844685
0.0335341660052
0.0357378597882
0.0356322914528
0.0380643571173
0.0340078668965
0.0372720860252
0.0320893308569
0.035426152002
0.0351038751862
0.0350419311469
0.0356810480342
0.0349796916049
0.0357674295304
0.036467268186
0.0338351640167
0.0352188515665
0.0371856003802
0.0375425039304
0.0373696985424
0.0364551681298
0.0371299586353
0.0356433287116
0.0382597782012
0.0361366462654
0.0334640797877
0.0353078247693
0.0346777706923
0.03558366762
0.0346457013414
0.0346971060475
0.0332976440763
0.0327247801648
0.0345093132227
0.0338139430569
0.0332453496473
0.0294132694977
0.0335800836633
0.0345580239545
0.0366541512383
0.0372218213474
0.0354662434566
0.0378200690449
0.0364506062721
0.0349900376852
0.0378516644383
0.0368241676785
0.0365682172664
0.0383301809488
0.0366118255901
0.0380883801497
0.0392105709866
0.0376448673385
0.0383473672977
0.0359732376946
0.0390243470176
0.0376430245551
0.0390357818383
0.0370143594485
0.0350159726973
0.0370950992185
0.0389356974103
0.0381866324054
0.0352339346219
0.0369738050849
0.035782593701
0.0365114751982
0.0377536865099
0.0357896622276
0.0336234866117
0.036035519951
0.0355876752521
0.0350401049473
0.0361126509283
0.0360194447104
0.0330217629214
0.0351442658755
0.0371719190583
0.0375387102735
0.0359770499601
0.0333923734713
0.0365293909865
0.0360684891925
0.0332098772625
0.0329927020288
0.0349660798118
0.0347511537898
0.0333464721593
0.0319604506698
0.0323647735469
0.0342115314047
0.032821917336
0.0347841474902
0.0380638410858
0.0333170740073
0.0360266124309
0.0355861419992
0.0345724781527
0.0369486004847
0.0355758454222
0.034180585346
0.0352128386067
0.037823063228
0.0357705480757
0.03550453496
0.0326309982202
0.0329369448791
0.0350822330624
0.0337694218169
0.0331402584575
0.0318781951522
0.0346630752227
0.0326521647105
0.0331501639161
0.0376440950724
0.0375493893125
0.0327893437857
0.0334538611989
0.0338450164281
0.0351020821514
0.0341579291474
0.0342503805976
0.0345779065724
0.0325824655904
0.0327864232406
0.0323030881014
0.0320955141672
0.0308014353069
0.0330929614481
0.0346230110759
0.0336096115627
0.0344016067504
0.0331217918494
0.0326233397244
0.0346340037163
0.0338999846469
0.0354159343826
0.0344822256717
0.0332467705028
0.0342720518653
0.0355232707756
0.0323468162619
0.0327390823083
0.0332678134951
0.0363342836096
0.0349883953451
0.0342064728152
0.0329114284201
0.0343406897545
0.0323837940331
0.0338591477686
0.0350991899643
0.0295934662142
0.0326748456177
0.0311450219491
0.0313945817482
0.0305285817688
0.0308950785585
0.0317429100487
0.0315406479537
0.0324441712735
0.031470049601
0.0305240722187
0.0323273326879
0.0338691387771
0.034439185266
0.0349333512076
0.0310956009635
0.0302862313315
0.0297151057199
0.0297182257999
0.0299709769715
0.032472930041
0.0264490688901
0.03125111164
0.0310222346126
0.0311966865248
0.0317397767281
0.0319953785868
0.0302433082532
0.031515519413
0.0293368891994
0.0298526450238
0.0331485894302
0.0323847508267
0.0320503763938
0.0330837426563
0.0326206285084
0.0306671407013
0.0318499782891
0.0330728837747
0.0311638377405
0.0346316257478
0.0330214347483
0.0318745535382
0.0324451471944
0.0299863193147
0.0319090553588
0.0320701663987
0.0343870027934
0.0306686232996
0.0335380256289
0.0345093722357
0.0329414621059
0.0308775618378
0.0318113262385
0.030970872557
0.0315694429472
0.0303236325885
0.0326494294735
0.032151306746
0.0288784048784
0.0297594835209
0.0290278483251
0.0307369489936
0.0284324218034
0.0276910737226
0.0303328510948
0.032104431215
0.0291952574341
0.0316456582664
0.0315722821673
0.0318777470236
