0
7.79527514919
17.7333525566
32.399890468
37.4138916247
37.4138916247
45.6078364403
50.6440445432
58.7101549208
64.9373841053
72.3299661875
83.6627003005
94.1613958443
102.442949499
102.442949499
116.320934941
130.865206586
144.914673707
153.53804642
159.622720909
171.155080096
171.155080096
180.036500266
180.036500266
182.502930342
195.90147028
204.947389443
208.410446615
223.254222941
237.704732218
251.725518128
260.634562005
263.431310247
266.695952636
270.454333925
276.504574768
287.243122687
301.381805844
316.194514614
321.188016532
321.188016532
331.10826551
336.012254505
344.167462308
349.383820586
355.054292924
366.987886937
366.987886937
371.7461091
384.876819089
393.587083819
401.189262008
410.384531489
416.461684353
416.461684353
429.687072724
439.573942923
447.979923681
462.123655241
472.766325857
474.479551153
476.592369058
489.903196861
502.644799098
505.573601277
517.80226606
530.236789651
544.030593864
555.690226925
555.690226925
567.317566874
573.498352145
577.556073128
577.556073128
577.556073128
588.058644379
598.288089184
601.18763359
614.727051305
625.449061751
633.246775488
633.246775488
637.202224599
644.470750066
652.213640387
662.065195326
670.659048728
675.161852328
683.383107866
688.629227937
703.279373676
709.534302452
709.534302452
719.913274584
721.019795992
730.244053439
743.36202303
747.80231008
747.80231008
754.969144234
766.645982273
766.645982273
768.603809306
781.68758399
789.320120944
803.911837735
803.911837735
815.891726737
826.866426061
837.383807589
840.77483471
855.718003672
868.822209653
880.491743213
893.652634383
893.652634383
906.519067313
909.938841338
909.938841338
915.521223439
918.594806508
929.829036939
929.829036939
943.879949985
953.395608351
967.789071385
967.789071385
967.789071385
976.099714303
988.822648143
999.448560034
1003.84225182
1017.92602845
1029.77135803
1038.70402528
1052.9037954
1066.12534794
1073.22794374
1073.22794374
1073.22794374
1073.22794374
1083.72461466
1096.58733374
1096.58733374
1102.34352073
1102.34352073
1113.18413687
1124.11642794
1124.11642794
1133.0539332
1140.51737268
1140.51737268
1151.44125497
1159.03291076
1172.65754397
1182.43814054
1182.43814054
1190.66981803
1193.57178745
1199.77244641
1199.77244641
1213.24651201
1213.24651201
1219.39097188
1223.57141926
1236.55465432
1247.36720615
1253.56448349
1253.56448349
1265.59847848
1275.36100585
1275.36100585
1275.36100585
1285.96125835
1295.40298829
1309.60296406
1309.60296406
1324.10345102
1334.40814285
1342.84108713
1345.54888573
1345.54888573
1348.53037543
1363.52044314
1371.22929681
1375.05889807
1388.53684024
1388.53684024
1392.40553297
1400.62536173
1407.49617521
1421.39971008
1427.86901061
1427.86901061
1434.72838842
1441.08908206
1455.43336028
1464.03172719
1473.63307074
1487.44429756
1494.08789374
1505.17848382
1516.18023627
1527.90775332
1541.19020818
1554.90642489
1568.34273337
1577.83006139
1583.66740125
1590.2625669
1590.2625669
1594.11299046
1599.11209696
1605.93036598
1605.93036598
1614.13466584
1614.13466584
1614.13466584
1627.87614398
1636.87784133
1636.87784133
1647.97658639
1653.16575324
1665.37530052
1668.38063747
1670.15373854
1670.15373854
1678.04096555
1688.66634284
1703.25208067
1711.36143901
1715.29550784
1716.00884872
1721.80880198
1725.79102724
1725.79102724
1728.32526939
1741.2351362
1747.98883444
1757.75032042
1760.64406018
1770.06217275
1784.19908285
1798.94155678
1806.7251403
1806.7251403
1806.7251403
1817.04590359
1824.79630466
1839.12200905
1839.12200905
1839.12200905
1843.2438719
1843.2438719
1852.01505415
1859.8948438
1869.63485484
1877.67202193
1880.00248406
1880.00248406
1894.24310156
1894.24310156
1907.85296912
1907.85296912
1917.7097192
1929.78320484
1939.11002097
1942.34340542
1950.94142547
1964.62654924
1973.47105364
1977.09113938
1983.8446886
1983.8446886
1983.8446886
1983.8446886
1997.77468184
2001.12725954
2008.3050029
2014.69413726
2017.33099325
2031.18891529
2037.84904939
2041.82793794
2055.35038877
2057.76930098
2057.76930098
2068.96555609
2082.24197631
2084.95330517
2086.48328303
2099.44750768
2108.17311501
2120.76078597
2126.09582138
2126.09582138
2131.59045106
2146.29704708
2157.69003351
2157.69003351
2168.17715224
2170.37943314
2182.51127697
2189.43540476
2204.39471609
2215.68040721
2228.31601606
2232.24977211
2234.17881868
2243.81262618
2245.90933804
2258.8081152
2260.39827004
2267.6370631
2275.43203498
2284.43796413
2288.68263357
2290.71181796
2298.60419258
2308.88417615
2322.86649625
2333.4946367
2341.97146338
2348.91809046
2360.05800625
2360.05800625
2366.19782561
2379.58348614
2388.49203188
2392.2560464
2394.45379497
2406.70070272
2415.76076156
2425.05901865
2433.17747205
2442.23735345
2454.70778972
2454.70778972
2464.24482931
2479.2075062
2483.57629116
2487.7152386
2487.7152386
2495.02703936
2498.14043517
2509.10414445
2511.5135485
2520.09868226
2523.11876833
2523.11876833
2523.11876833
2532.51048117
2532.51048117
2540.11376799
2550.50019477
2552.6657159
2567.42038222
2581.90095294
2594.27797315
2596.3540502
2600.72003225
2600.72003225
2615.4364487
2626.29874674
2633.8448354
2642.0940682
2655.08835426
2663.83319757
2678.00890009
2686.68765601
2692.37420147
2696.68837746
2706.74433037
2718.04579523
2731.0103082
2744.98932478
2753.18016445
2759.28282583
2770.79900148
2784.52691777
2792.76525949
2792.76525949
2798.19921085
2798.19921085
2812.76957042
2812.76957042
2823.96541214
2832.26788896
2837.97819786
2843.96855975
2852.75424267
2852.75424267
2855.12040135
2868.18223245
2872.94229017
2875.90103732
2875.90103732
2880.09418305
2884.52844845
2896.65854066
2903.5555944
2903.5555944
2917.66022426
2917.66022426
2920.50032903
2930.3373395
2943.84591244
2949.15255189
2954.52269408
2969.30320529
2976.77546453
2985.81667338
2985.81667338
2997.67334832
3011.52688264
3011.52688264
3021.93706372
3033.98648547
3047.21907054
3047.21907054
3058.80340467
3071.99805737
3085.76756313
3093.74930344
3093.74930344
3107.38118887
3116.42467808
3130.23713872
3133.92086552
3141.07156929
3151.44149774
3163.30040647
3163.30040647
3174.24571064
3184.75410981
3184.75410981
3189.9354508
3197.19043241
3204.40646655
3216.28617655
3219.84555954
3222.31541667
3224.98191391
3224.98191391
3224.98191391
3238.82881302
3249.88873552
3257.589492
3269.79090852
3275.58304968
3275.58304968
3281.79102099
3291.9078491
3302.73164144
3313.73063693
3324.88695016
3332.60030036
3336.5591489
3341.6483374
3348.17810343
3362.19831032
3362.19831032
3376.41637927
3376.41637927
3386.33837908
3392.53664673
3397.04989048
3397.04989048
3403.03664129
3408.71845457
3411.21404038
3421.62350129
3425.57103089
3440.49386904
3451.31919601
3457.6537859
3459.80755735
3464.73321021
3477.49947557
3479.1671022
3479.1671022
3485.52423258
3493.85780291
3501.02935094
3506.6169856
3521.29245699
3522.87407391
3531.16154656
3539.06392523
3546.56453537
3546.56453537
3549.3775081
3561.16157537
3561.16157537
3565.90720965
3565.90720965
3580.23148548
3588.40114125
3601.32166566
3603.50665918
3614.10918381
3620.70162928
3626.58206578
3626.58206578
3633.76216603
3646.02080593
3659.61811016
3659.61811016
3672.88585219
3686.25693464
3695.43497589
3695.43497589
3707.77463524
3715.73765691
3718.37916094
3718.37916094
3727.63218704
3741.87982964
3756.23221559
3761.84648641
3764.52382487
3765.74863349
3775.20858253
3788.14786806
3797.75182764
3802.85006962
3805.50344115
3814.83048203
3823.20701802
3826.56336997
3837.47425446
3852.39070256
3852.39070256
3852.39070256
3860.08761606
3863.15329109
3866.61888207
3866.61888207
3866.61888207
3880.2957695
3880.2957695
3893.8962477
3897.65153195
3909.2061693
3922.73301829
3922.73301829
3928.93134287
3941.9014031
3945.60142333
3957.03816422
3967.81720698
3973.08199529
3980.08452818
3994.33793003
3999.62893304
4004.25263159
4015.90702637
4021.18376463
4029.51483356
4029.51483356
4041.49947846
4048.56547475
4052.715441
4066.86819211
4077.28644611
4087.91052742
4100.16624642
4100.16624642
4100.16624642
4111.88256997
4114.84291907
4123.05227377
4127.44186003
4138.59500731
4149.56597465
4163.66008029
4171.92992066
4176.08528247
4190.25029871
4195.2653854
4206.52093586
4208.03600863
4219.70932591
4232.28473769
4241.039314
4247.86186828
4250.99320895
4264.17905675
4264.17905675
4267.6046783
4279.69174019
4293.6220098
4302.47243227
4310.46024513
4311.879545
4324.17001399
4336.85724851
4343.5111784
4351.19928388
4365.52481484
4370.11396891
4379.47031001
4392.77198834
4406.72546375
4415.46132131
4422.14706903
4422.14706903
4427.98727826
4442.46029807
4442.46029807
4456.62012145
4456.62012145
4463.86708646
4467.14031811
4480.75946777
4486.74553752
4493.87851134
4506.42375601
4521.3117008
4521.3117008
4521.3117008
4533.86422994
4539.36456193
4544.38727217
4554.22434385
4557.23446149
4557.23446149
4566.68220577
4581.16007969
4594.25374798
4608.53352619
4610.69079829
4624.5884215
4631.4123373
4639.0863531
4643.84550998
4649.81090267
4658.00132378
4661.54668145
4675.78900384
4684.59896644
4698.98957437
4708.99429771
4711.78161368
4720.88656924
4735.82446373
4735.82446373
4742.16264752
4751.78511437
4762.99567917
4776.84046667
4778.59640696
4785.6011339
4794.5724093
4800.80718621
4811.13041682
4811.13041682
4822.95974518
4836.08738218
4836.08738218
4843.82654309
4850.21411975
4852.44633374
4865.48207274
4865.48207274
4865.48207274
4865.48207274
4876.31227196
4883.42354898
4897.52669533
4910.26961424
4922.3172892
4936.02046369
4949.50026663
4954.28475119
4954.28475119
4964.94925997
4967.69433711
4967.69433711
4971.69874491
4981.87319743
4993.68709648
5001.83812405
5012.14793398
5020.16637484
5029.32685086
5038.69726303
5047.52608838
5058.2243015
5066.59898969
5078.1200149
5078.1200149
5091.98977016
5103.31144718
5109.49993026
5122.83793786
5135.87911471
5135.87911471
5135.87911471
5136.57484647
5139.70632317
5151.39948846
5160.21820704
5167.787833
5174.05561606
5180.0490044
5180.0490044
5192.81202305
5195.14403688
5199.29544323
5199.29544323
5207.38771605
5218.28852958
5228.54595198
5238.16356463
5246.04531499
5256.08429229
5256.08429229
5268.7497833
5280.75420706
5295.2286026
5310.2037233
5324.20939113
5327.26937777
5333.08533809
5341.98066448
5344.49903466
5358.94238873
5366.24152768
5378.44257549
5378.44257549
5383.53502916
5393.89766153
5400.44885888
5404.5273026
5408.16014497
5412.62839612
5423.82828084
5438.81727574
5438.81727574
5452.27487773
5452.27487773
5462.8221932
5476.04456587
5481.76579588
5481.76579588
5489.09229127
5489.09229127
5494.01012951
5495.44573399
5495.44573399
5503.07183853
5513.48224466
5515.9403691
5521.53736512
5536.11167809
5546.36508134
5558.57074608
5563.33014603
5571.10116448
5571.10116448
5579.85732786
5594.28262132
5600.87252147
5609.73256192
5619.99245307
5632.05318709
5632.05318709
5643.805557
5655.19086717
5667.46078743
5679.36583842
5689.06903139
5689.06903139
5703.89348983
5711.413993
5715.77703584
5726.98703805
5734.79071662
5738.42665379
5741.85085881
5749.65171709
5752.04485423
5754.70565987
5754.70565987
5766.01888835
5768.54498749
5777.06049549
5791.15626967
5801.36756944
5810.36558289
5818.61270031
5818.61270031
5828.65468828
5828.65468828
5834.89586328
5840.78439419
5845.01818858
5859.42113188
5862.84914881
5866.60028854
5876.15631205
5876.15631205
5884.67859952
5884.67859952
5888.44706288
5900.22092553
5901.34363084
5915.99424882
5923.50906244
5933.40013498
5946.81163532
5946.81163532
5951.77400648
5966.17415019
5979.19457217
5986.30966799
5992.68874919
6004.09489687
6004.09489687
6007.00716636
6007.00716636
6013.86904777
6013.86904777
6021.16892741
6021.16892741
6025.95461943
6029.4698614
6043.59384982
6052.18580253
6057.46420999
6061.78364036
6061.78364036
6073.17882139
6085.0850319
6092.6296295
6103.83798355
6116.75671278
6131.08213508
6136.63345954
6147.46840227
6160.96720844
6173.22448092
6173.22448092
6184.79079177
6198.58243541
6205.63139464
6205.63139464
6205.63139464
6209.54343092
6219.60876467
6231.66017963
6238.64655342
6242.72857972
6257.43380628
6257.43380628
6261.47089918
6274.77918977
6282.5775162
6282.5775162
6288.27467928
6289.56829909
6296.7766945
6305.3235584
6315.98564986
6315.98564986
6324.38670884
6328.47121927
6331.48503897
6340.77327518
6344.45400765
6355.76257854
6361.68731123
6361.68731123
6368.92734318
6373.03201908
6374.16175026
6382.53695408
6382.53695408
6388.1191504
6388.1191504
6402.48084073
6415.91996973
6420.27536136
6420.95501437
6435.50482189
6449.86706797
6458.53735854
6471.92312902
6480.17081026
6484.90416923
6499.40420875
6513.54354041
6523.55184902
6535.71191259
6545.74556171
6559.4778133
6559.4778133
6566.16658952
6569.49789797
6572.70445499
6576.96503406
6586.72567963
6596.85211125
6601.53777048
6601.53777048
6612.28012343
6622.83018086
6622.83018086
6623.17957301
6623.17957301
6626.67032674
6636.55180183
6636.55180183
6636.55180183
6636.55180183
6640.43291946
6646.82672885
6658.52172185
6668.94385188
6668.94385188
6673.22521266
6674.9563474
6682.99950413
6694.34604701
6694.34604701
6708.72382587
6716.29045708
6730.36712935
6737.68197031
6741.30195292
6756.03791312
6770.1038644
6776.17033194
6782.04407618
6792.36342372
6792.36342372
6807.20857032
6812.43995656
6815.9217838
6826.80730221
6839.95754733
6847.73467719
6847.73467719
6859.50582564
6866.98533832
6866.98533832
6875.03583329
6881.06462827
6884.08296532
6884.08296532
6893.89401519
6908.19602466
6922.95069232
6935.16501639
6938.13158891
6947.51973378
6947.51973378
6960.43585901
6972.11993243
6986.12073581
6989.09107599
7000.45829904
7015.00483683
7024.01458985
7036.00292446
7036.00292446
7042.82755355
7042.82755355
7045.65115482
7053.23417035
7058.76310694
7070.48091914
7074.97802624
7083.83984561
7087.85006201
7097.14749932
7111.97640744
7117.01095208
7126.5490528
7126.5490528
7126.5490528
7132.50549599
7142.62777228
7156.72911351
7162.21278543
7172.74342732
7177.04256656
7185.53690004
7188.78224406
7200.92226428
7203.98768352
7209.91775481
7220.97505992
7227.90848473
7234.54911904
7244.2887629
7244.2887629
7250.24163712
7260.97939577
7275.97932554
