0.544260183555
0.376376183051
0.269936946002
0.196993078112
0.199391828551
0.230518933606
0.178552657451
0.177698939763
0.145211455441
0.124343559676
0.108974381418
0.0979047366809
0.104275300902
0.0874943518443
0.100780976319
0.0803861249035
0.0793854406685
0.0992627997173
0.0833379198012
0.0804101550485
0.0764347498563
0.0915427160635
0.0913698589576
0.0959106515601
0.0982914810018
0.0921744226968
0.0923145590635
0.0967588999974
0.089612960677
0.0908809041351
0.0939885746786
0.0969433656899
0.095611198048
0.0958791743632
0.0908213385209
0.0965486897838
0.0957722271238
0.0901236568403
0.0930763829515
0.100067359682
0.0961574036552
0.0956530401687
0.0961637299293
0.100227590306
0.0904790585672
0.0954789231031
0.0916256087238
0.0943412152794
0.0899901738585
0.0797544457969
0.0875255837935
0.0821576376624
0.0825617925814
0.0927904421642
0.0865587532006
0.0922253059565
0.0875157194002
0.092868504922
0.088681144076
0.0886992343926
0.0948928665639
0.0851698251098
0.0888138072956
0.0887062609908
0.0871784974386
0.0877565681877
0.0850852895246
0.0909652074927
0.0822886782643
0.0852143599219
0.0824415291791
0.0838436445453
0.0809774832582
0.0763581601588
0.0765919498053
0.0791251618762
0.0766188443853
0.0824605993413
0.07765085236
0.0772978909172
0.0909000634667
0.0864520883508
0.0841442519148
0.0866156403909
0.087061154955
0.0852846969115
0.0832854021657
0.0844600910571
0.0872461963908
0.0824353075675
0.0837296179265
0.0807687908926
0.078587541636
0.0812921733192
0.0774377992574
0.0792727048583
0.0810881946927
0.0875229308159
0.0851567117593
0.0870541723297
0.0870522095912
0.0895776482075
0.0887572013883
0.0909981297243
0.0907539154357
0.0815302421973
0.0810445498119
0.0817326953717
0.0823547984455
0.0778866492947
0.0808042598366
0.0815081065299
0.0892495434479
0.0864915460609
0.0920756470887
0.0932206141488
0.0878533171002
0.0875268452951
0.0870487931623
0.0887947198865
0.0900152591168
0.0794225263103
0.0941152295616
0.0978971078327
0.092256123315
0.0888140534321
0.0812045844371
0.0866898370496
0.0828311487762
0.0808423621266
0.0829586138372
0.0844816772712
0.0855753779383
0.0826572331657
0.0815501597111
0.0789781449616
0.0804581500357
0.0890501742896
0.0767144703122
0.0780475963124
0.0796025945431
0.0783013043495
0.078594606802
0.0829990154579
0.0857249085088
0.0845211488547
0.0855034997348
0.0814049134475
0.08194170318
0.0809148239032
0.0804620853925
0.0811345729273
0.0832878285585
0.0822358105791
0.0722244509277
0.0790451202282
0.0766006106058
0.079529721967
0.0769579896957
0.0822293907757
0.0810558670555
0.085212296382
0.0824708881947
0.0801056129961
0.0797228897599
0.0830439485325
0.0802384868161
0.0761260898454
0.0740419729962
0.0666148841413
0.0713384135403
0.0798695224183
0.0802629082478
0.0751632712747
0.0721246562135
0.0756284153174
0.0715715501617
0.0705751547219
0.0731151607781
0.0701962768603
0.0799710559378
0.0757649465905
0.0778563911179
0.0786971510902
0.0776150231603
0.0726954754008
0.0722142708579
0.0673556015313
0.0738475821668
0.0694742667507
0.0695174367969
0.0668330522762
0.0695516134335
0.0705000246769
0.0683019286067
0.07245603379
0.0703968276579
0.0706819041827
0.0725715208894
0.0735468287407
0.0685797928748
0.0719355476828
0.0732745209608
0.0737794985507
0.0717032753785
0.0671299486505
0.0719489427735
0.0704965661939
0.0722357707035
0.080890311592
0.0720958490773
0.0709850015732
0.074760859964
0.0682863302899
0.0730528960135
0.0764669125992
0.0726389882137
0.0715876914084
0.0745245275744
0.0723690034497
0.0743816900731
0.0743079800845
0.0741596954834
0.068566533855
0.07661702282
0.0748639028633
0.0746418975594
0.075117450495
0.0726997784275
0.0685025089823
0.071231520981
0.0710084342734
0.0699095000701
0.0731334248657
0.0692621636373
0.0716636245594
0.0707314050188
0.0717946844469
0.0675627295312
0.0712103026696
0.0719017111896
0.0708061473967
0.0695459072432
0.0674188437405
0.0753363617817
0.0626550538577
0.0668195479402
0.0657848876709
0.0690770240634
0.0687323497008
0.0732461799356
0.0744540392675
0.0727647134352
0.0772490424799
0.0681765642963
0.0741160109641
0.0738205788261
0.0732793277494
0.0698613658995
0.0708159328421
0.0652405651436
0.0672900345116
0.067253576197
0.072103007956
0.0706677510379
0.0709358665154
0.0681903662364
0.0738163380452
0.0746870490188
0.0679253690449
0.0729156796626
0.0759132542992
0.0751643835208
0.0765447512455
0.0701026301557
0.0747175465914
0.073244035996
0.0747120650709
0.0748153309273
0.0731536121441
0.0783768124063
0.0762442722012
0.0742485296036
0.0744891943719
0.077440111217
0.0792003844985
0.0793659192926
0.0729383484543
0.0767742079252
0.0754853984906
0.0790830782225
0.0785503265058
0.0780193981631
0.0807000679082
0.0751084818581
0.0792212424827
0.0766565662835
0.0729459606764
0.0832361575724
0.0820810082522
0.0803780035663
0.0804771976056
0.0766037285572
0.0789272865398
0.0754050049646
0.0717272637607
0.0715380084563
0.0737530026306
0.0743649502349
0.0751650760059
0.0744106584962
0.0749069662025
0.0755942557134
0.0774726813782
0.0775125761579
0.0786989499744
0.0793966785026
0.0802651757123
0.0752137898764
0.0787698541536
0.0802254681239
0.0799151358954
0.0832371285315
0.0894477999997
0.0844944882363
0.0830590681028
0.085289440022
0.0825725163268
0.0768402794464
0.0814738279826
0.0821366704106
0.0815270021793
0.0834990558903
0.078000650293
0.0811737634957
0.0753170555833
0.0814532072609
0.0789844662673
0.0800861503076
0.0795199086526
0.0770154360892
0.0843261727487
0.083403352404
0.0809903432893
0.0791536929831
0.0825624980217
0.0828958414185
0.0825570154939
0.0791986072067
0.0769427261175
0.0770135785906
0.0814404669415
0.0841684083988
0.0817249394592
0.077668570901
0.0832964861378
0.0860238387399
0.0882364115377
0.084642846723
0.0839949866485
0.0841929809243
0.0807228907291
0.0782998472892
0.0809093309168
0.0853300954346
0.0884512059711
0.0858117801473
0.0855073761084
0.0905837444011
0.0844234998157
0.0834298606669
0.0857124917921
0.0842725782236
0.0840540450927
0.0829687485628
0.0821253043523
0.0835368420638
0.0796423738429
0.0775816126927
0.0783248624926
0.0802938157119
0.088443673944
0.0811612791386
0.0806955721655
0.0773042402285
0.0762458281493
0.0781692673926
0.0821860950921
0.0792692039182
0.0785146632401
0.0868483772346
0.0879275559968
0.0820891766721
0.0823047461191
0.083259165877
0.0775886853859
0.0802457738272
0.0761593243467
0.0772389204262
0.0774444368803
0.0856129730612
0.0814241665334
0.0818545172126
0.0818925148636
0.0793820117796
0.0816536554044
0.0814686205236
0.0837385916795
0.082881573167
0.082430349769
0.0789961034707
0.0799255252374
0.0754469549391
0.0819251366625
0.0802175600461
0.0793067558809
0.0792573395792
0.0807279697864
0.076026663606
0.0760697904815
0.0782351891506
0.0831561395145
0.0822433836307
0.0754018196092
0.0820382256151
0.0755870630519
0.0741875553745
0.0731632117573
0.0756764960063
0.0784272971833
0.0731715894103
0.0764881303546
0.0787965039672
0.0780988448437
0.0730606783461
0.0770192613515
0.0804647083491
0.077576558189
0.0775985468185
0.0795317440625
0.0820403248899
0.077340555824
0.0824898797599
0.0860576097717
0.0841832549577
0.0862221205208
0.0842271091079
0.0819681929761
0.0836991193952
0.0806932834971
0.0803145409224
0.0832440308773
0.0815830594605
0.0786700081578
0.0783289038397
0.0807702276186
0.0818041992649
0.0801486552385
0.0809568017463
0.0754506401237
0.0826486505655
0.0790274661251
0.0890230770114
0.082963890088
0.0823106467151
0.0808499315891
0.0842380407958
0.0864476985435
0.087571913687
0.0798423897671
0.0875406484951
0.0871800354692
0.0863122889447
0.0875413387725
0.0879261498163
0.0867477942196
0.0860096226279
0.0886872483902
0.0859506273869
0.0799691010173
0.0775639107653
0.0829876019999
0.07908853312
0.0804340643578
0.0818089109045
0.0795358997629
0.0829945660931
0.0838294607789
0.0848902216003
0.0839414180457
0.0824225930091
0.0811929193363
0.0762564671827
0.08116138889
0.0806573946572
0.0838140547661
0.0842079893164
0.0834905694983
0.0814622478329
0.0850187545106
0.0839280809648
0.0851350762945
0.0832048372266
0.0839869755708
0.0826816591068
0.0831092739799
0.0822989735318
0.0842999085925
0.0821479440892
0.0822950294946
0.083868607819
0.0832513065275
0.0840136051307
0.0845153912734
0.0793197223773
0.0805233730613
0.0797300222274
0.0802505475047
0.080842734315
0.0810679680537
0.0795883162453
0.080409307215
0.0812177253095
0.0815934241032
0.0802097037922
0.0847441821753
0.0795377197179
0.0838838567533
0.0828432909352
0.0812772253919
0.0818182179771
0.083743665508
0.0818331555324
0.0803499150749
0.0805037174194
0.0806578996859
0.0851799988799
0.0825878540147
0.0828381053542
0.0876252412821
0.084259794039
0.0841730450472
0.0845277461577
0.0856503943929
0.081373337365
0.0828139421902
0.0807911885281
0.0834897722885
0.0875737395545
0.0846277833906
0.084394999962
0.0835465534646
0.0832487286227
0.0848891691507
0.0873403236978
0.0853273958178
0.0870552955344
0.0892414299422
0.0809543248303
0.0857104371939
0.0843798161351
0.0814985341995
0.084873808561
0.0843836037851
0.0832921884189
0.0836064377082
0.0825961061966
0.0870162180246
0.0843337074123
0.0879650916459
0.0855673417153
0.0841896911667
0.0833871290382
0.0861350267526
0.0818424529383
0.0823138564955
0.0815919836657
0.084718538319
0.0809912405301
0.0837066019251
0.0856200524189
0.083781832763
0.0840793043704
0.082706807432
0.0823900437878
0.0819049042852
0.0773987396106
0.0802886649842
0.0794302639052
0.0830801619745
0.0814878610459
0.0843833937177
0.081605427671
0.0818484291511
0.0827314804148
0.082630605526
0.0811395185633
0.0807481587374
0.0822351710717
0.0822867869187
0.0829094612736
0.0807907193369
0.0813156031741
0.0801890271275
0.0821851351658
0.0823562113778
0.0869264212022
0.0810715159467
0.0810156873459
0.080280423611
0.0870901663455
0.0788558928822
0.0815920972416
0.0861599692528
0.0843454411281
0.0854963404464
0.0856440330246
0.0826626675874
0.0849275836119
0.0788826968665
0.0840593370984
0.0807003658839
0.0835012545813
0.0815403821217
0.0814478124413
0.0802009498333
0.0797553001833
0.077722259956
0.0835580485088
0.0764035519486
0.0799472524446
0.0800032062822
0.081445580391
0.077737348452
0.079719731568
0.0768728903015
0.0778892827664
0.0782144973677
0.0824664585085
0.0770193045794
0.0811370989858
0.079473485776
0.07746225474
0.0823569300727
0.0795252368784
0.0824045243909
0.0820861245797
0.0830910037135
0.0840286084537
0.0830815590809
0.0814724609342
0.080479110676
0.0816012901537
0.0811822833918
0.0825372953577
0.0807399231118
0.0773798533746
0.0807613231919
0.0871681760467
0.0866573717639
0.084612040839
0.0841022920906
0.0828583138814
0.0784548912784
0.0798308162381
0.082937940692
0.0817492523474
0.0805021059695
0.0819174139036
0.0819311399764
0.0805975761942
0.0841908407356
0.0823948319888
0.0817306623259
0.0773157994602
0.0779163995234
0.0768379266364
0.0795872295828
0.0820504790519
0.0811664861847
0.0804272337643
0.0808823389814
0.0794916928801
0.0762816487051
0.0769958322848
0.0763370619148
0.0793104246326
0.0807860049104
0.0819330271609
0.0786960148683
0.079185133724
0.0797250148832
0.0857468172421
0.0806562742393
0.0794087610852
0.0794143529611
0.0841839815921
0.0804962934972
0.0780954240862
0.0793086831974
0.0817506736429
0.0789575971361
0.0790922522853
0.081776369703
0.0804429931944
0.0783001705405
0.0804954620044
0.0799049027954
0.0831795538445
0.0778061930654
0.0792496689163
0.078263829894
0.0798948997086
0.0792319840463
0.0804247570876
0.0770811812348
0.0808642720928
0.0765032260934
0.0777643984668
0.0795322327398
0.0795658617153
0.0790872134921
0.0784840400096
0.0772817671809
0.0778215824083
0.079374382536
0.0781786357761
0.0780666498982
0.0809967929066
0.080718614394
0.0806583092371
0.0806626780714
0.0812524995353
0.079663926395
0.0807983813804
0.0784940196685
0.0793072346687
0.080787536081
0.0807336818686
0.0845328140116
0.0772352923407
0.0753297039148
0.0772049839851
0.0761557779898
0.079219371579
0.0805440872798
0.0811127393603
0.0799207501377
0.0808055964441
0.0814120820935
0.0822421836905
0.0799082840183
0.0791244138466
0.0809683591591
0.0790474525957
0.082082913706
0.082035871351
0.0823819801529
0.0778265414443
0.0747228816714
0.0747593889875
0.0753938255871
0.0764301065612
0.0768699044956
0.0770128895266
0.0801127695006
0.078506668021
0.0827742744416
0.0831955350342
0.0806811781187
0.083333874321
0.0843654866891
0.080336353896
0.0792279574338
0.0828654798428
0.0814306379029
0.0808614790654
0.0815250711029
0.0784326218996
0.0789837728635
0.0811263922721
0.0770525865395
0.0789731933826
0.0794502110418
0.0805522418105
0.0798233921435
0.078141287985
0.0799796347727
0.0808736805105
0.0812826710001
0.077665487439
0.0794439653096
0.0781325965911
0.0798839263939
0.0807866598188
0.0823242442834
0.0817889157556
0.080388030012
0.0811163833234
0.0805988189849
0.0796235803061
0.0803337796656
0.0835261499805
0.0807814326619
0.0793453079804
0.0812659125253
0.0778240920879
0.0807636310504
0.08024230775
0.078403433915
0.0793781461077
0.0770565346749
0.078865579451
0.0817923313656
0.079549767516
0.0779084124453
0.0796770401213
0.0796772401382
0.0786011966504
0.0785749817175
0.0791433307712
0.0771890857806
0.0772702405302
0.0789272801663
0.0778552917465
0.0751849386116
0.0766542674945
0.0785817970995
0.0751864317116
0.0773442669718
0.0755479831198
0.0772657177982
0.079913232592
0.0793815746966
0.080811727718
0.0809736169482
0.0791413520806
0.0806293318272
0.0796315129856
0.0776519241158
0.0808969547012
0.0792348964992
0.0771194511961
0.0769055299638
0.0784578141933
0.0781661109189
0.0737102386505
0.0737182246171
0.0756321535447
0.0759609900571
0.077618196182
0.0798134816926
0.0811000645577
0.0775078402436
0.080501289863
0.0787695810052
0.0802172917247
0.0774505220901
0.0755132177945
0.0780250173369
0.0764218655605
0.0768466817139
0.0770198346892
0.0769816912949
0.0787405165195
0.080243179854
0.0787019728948
0.0753358322498
0.0800861996721
0.0780717145969
0.0805222404967
0.0795972087346
0.0796682722607
0.0806792044313
0.0804520207664
0.0803780893262
0.078623973677
0.0801305769262
0.0802018018248
0.0750546239458
0.0735491965362
0.0743791825806
0.0723093601869
0.0755703551877
0.0748736938521
0.0753646646265
0.078140732572
0.0769094866922
0.0795252669789
0.0767595603302
0.0750685387448
0.0761652249847
0.0802593595668
0.0791040751116
0.0797369972565
0.0796414241373
0.0756537202493
0.075302152377
0.0769904323161
0.0739770694339
0.0736613544795
0.0751734885701
0.0768996186963
0.0748746807429
0.0781517113217
0.07769576241
0.0761643174168
0.0751674070398
0.0770262989883
0.0804663756463
0.0803722619522
0.0781018837113
0.0789855678591
0.0812855738133
0.0760909968773
0.076624623922
0.0788083651577
0.0778959216161
0.0767727045073
0.0740036611129
0.0752661679833
0.0726453953958
0.0731128685547
0.0747827756912
0.0797530834947
0.0780894819056
0.0793637523381
0.0776546862404
0.0792023568841
0.0808878710299
0.0775255673184
0.077696733935
0.0785191989807
0.0793268928446
0.0788135547724
0.0804342577754
0.0807321730754
0.0785305506976
0.0809752538675
0.0778056542289
0.0798242738103
0.0776447094904
0.0788152669231
0.0774750283355
0.0778302587374
0.0785750157346
0.0779953634421
0.0773593312904
0.0810343553589
0.0802949283224
0.0810736500009
0.0771827113385
0.0792887841127
0.0806119558259
0.0789621851025
0.0790629964696
0.0778756766997
0.0787233265036
0.0767788116081
0.0736569119587
0.0777149138503
0.078013609777
0.0785271837706
0.07613042039
0.0759339332698
0.077579752526
0.0772105851397
0.0813707930006
0.0788660621368
0.0790798886172
0.0812570998229
0.0807571452411
0.0782235287907
0.0802801608904
0.077179902036
0.0794220442136
0.0789979928926
0.0806869216642
0.0804053799382
0.0791527630397
0.0777036492866
0.0792407346328
0.0808016798888
0.0783097849806
0.0801581854176
0.0798136334758
0.0764845146398
0.0787844600719
0.0782798900851
0.0806842045946
0.0805807344133
0.0790765208397
0.0766616124878
0.0789762342858
0.077875383364
0.0788289266169
0.0780265337743
0.07478090719
0.0743485255294
0.0752491666318
