0
7.79527514919
17.7333525566
32.399890468
37.4138916247
37.4138916247
45.6078364403
50.6440445432
58.7101549208
64.9373841053
72.3299661875
83.6627003005
94.1613958443
102.442949499
102.442949499
116.320934941
130.865206586
144.914673707
153.53804642
159.622720909
171.155080096
171.155080096
180.036500266
180.036500266
182.502930342
195.90147028
204.947389443
208.410446615
223.254222941
237.704732218
251.725518128
260.634562005
263.431310247
266.695952636
270.454333925
276.504574768
287.243122687
301.381805844
316.194514614
321.188016532
321.188016532
331.10826551
336.012254505
344.167462308
349.383820586
355.054292924
366.987886937
366.987886937
371.7461091
384.876819089
393.587083819
401.189262008
410.384531489
416.461684353
416.461684353
429.687072724
439.573942923
447.979923681
462.123655241
472.766325857
474.479551153
476.592369058
489.903196861
502.644799098
505.573601277
517.80226606
530.236789651
544.030593864
555.690226925
555.690226925
567.317566874
573.498352145
577.556073128
577.556073128
577.556073128
588.058644379
598.288089184
601.18763359
614.727051305
625.449061751
633.246775488
633.246775488
637.202224599
644.470750066
652.213640387
662.065195326
670.659048728
675.161852328
683.383107866
688.629227937
703.279373676
709.534302452
709.534302452
719.913274584
721.019795992
730.244053439
743.36202303
747.80231008
747.80231008
754.969144234
766.645982273
766.645982273
768.603809306
781.68758399
789.320120944
803.911837735
803.911837735
815.891726737
826.866426061
837.383807589
840.77483471
855.718003672
868.822209653
880.491743213
893.652634383
893.652634383
906.519067313
909.938841338
909.938841338
915.521223439
918.594806508
929.829036939
929.829036939
943.879949985
953.395608351
967.789071385
967.789071385
967.789071385
976.099714303
988.822648143
999.448560034
1003.84225182
1017.92602845
1029.77135803
1038.70402528
1052.9037954
1066.12534794
1073.22794374
1073.22794374
1073.22794374
1073.22794374
1083.72461466
1096.58733374
1096.58733374
1102.34352073
1102.34352073
1113.18413687
1124.11642794
1124.11642794
1133.0539332
1140.51737268
1140.51737268
1151.44125497
1159.03291076
1172.65754397
1182.43814054
1182.43814054
1190.66981803
1193.57178745
1199.77244641
1199.77244641
1213.24651201
1213.24651201
1219.39097188
1223.57141926
1236.55465432
1247.36720615
1253.56448349
1253.56448349
1265.59847848
1275.36100585
1275.36100585
1275.36100585
1285.96125835
1295.40298829
1309.60296406
1309.60296406
1324.10345102
1334.40814285
1342.84108713
1345.54888573
1345.54888573
1348.53037543
1363.52044314
1371.22929681
1375.05889807
1388.53684024
1388.53684024
1388.53684024
1395.04334674
1397.44574914
1406.25455795
1406.25455795
1406.25455795
1414.96326666
1426.47477817
1440.58889229
1440.58889229
1440.58889229
1450.5989023
1452.300604
1462.81111451
1462.81111451
1465.81411751
1465.81411751
1474.92322662
1481.42973313
1483.43173513
1485.43373713
1485.43373713
1489.63794134
1494.14244584
1495.84414754
1498.44675015
1506.95525865
1508.85716056
1515.26356696
1517.96626967
1517.96626967
1522.67097437
1527.67597937
1527.67597937
1529.67798138
1534.78308648
1539.78809149
1542.29059399
1542.29059399
1542.29059399
1551.299603
1555.303607
1565.21351691
1570.71902242
1579.32763103
1579.32763103
1581.52983323
1583.43173513
1585.43373713
1585.43373713
1586.93523863
1593.44174514
1599.24755095
1602.65095435
1611.25956296
1620.46877217
1634.78308648
1634.78308648
1641.89019359
1653.8021055
1653.8021055
1656.0043077
1657.90620961
1662.01031371
1668.71702042
1675.62392732
1675.62392732
1678.12642983
1678.12642983
1678.12642983
1678.12642983
1678.12642983
1680.62893233
1682.83113453
1687.53583923
1696.04434774
1696.04434774
1697.24554894
1697.24554894
1709.55786126
1723.27157497
1723.27157497
1732.18048388
1741.79009349
1741.79009349
1747.29559899
1755.1034068
1755.1034068
1759.70801141
1762.01031371
1762.01031371
1765.31361701
1765.31361701
1776.22452792
1777.52582922
1782.13043383
1794.44274614
1797.84614954
1799.34765105
1803.95225565
1807.95625966
1807.95625966
1807.95625966
1807.95625966
1807.95625966
1816.26456796
1818.06636977
1829.47778118
1838.48679019
1841.89019359
1849.8982016
1851.5999033
1854.1024058
1854.1024058
1854.1024058
1854.1024058
1865.21351691
1865.21351691
1865.21351691
1865.21351691
1866.81511851
1876.22452792
1876.22452792
1876.22452792
1878.42673013
1883.13143483
1886.03433773
1886.03433773
1892.04034374
1894.24254594
1896.54484824
1897.74604944
1903.25155495
1912.86116456
1915.46376716
1920.46877217
1920.46877217
1920.46877217
1920.46877217
1923.87217557
1923.87217557
1923.87217557
1923.87217557
1923.87217557
1923.87217557
1933.48178518
1933.48178518
1934.58288628
1934.58288628
1944.09239579
1944.09239579
1945.49379719
1945.49379719
1950.1985019
1960.10841181
1964.91321661
1967.01531871
1969.01732072
1969.01732072
1977.42572912
1985.23353693
1985.23353693
1988.03633974
1990.93924264
1998.44675015
2005.75405745
2007.65595935
2014.26256596
2014.26256596
2016.96526866
2016.96526866
2019.16747087
2025.27357697
2025.27357697
2027.37567907
2036.88518858
2041.89019359
2041.89019359
2050.9993027
2050.9993027
2053.6019053
2063.51181521
2063.51181521
2069.01732072
2074.72302642
2076.02432772
2084.13243583
2088.33664004
2093.24154494
2102.15045385
2102.15045385
2102.15045385
2105.75405745
2105.75405745
2105.75405745
2107.55585925
2114.76306646
2122.87117457
2124.27257597
2128.17647988
2138.58689029
2142.29059399
2151.4998032
2151.4998032
2156.9052086
2156.9052086
2156.9052086
2166.01431771
2175.82412752
2180.92923263
2182.53083423
2188.83714054
2196.14444784
2203.45175515
2207.65595935
2207.65595935
2220.26857197
2221.97027367
2221.97027367
2221.97027367
2224.97327667
2234.68298638
2239.18749089
2239.18749089
2244.39269609
2244.39269609
2252.1004038
2259.90821161
2261.91021361
2269.21752092
2274.52282622
2274.52282622
2282.13043383
2282.13043383
2284.13243583
2292.54084424
2306.55485825
2311.35966306
2314.26256596
2317.16546886
2319.36767107
2319.36767107
2328.77708048
2340.28859199
2344.29259599
2344.29259599
2349.8982016
2349.8982016
2349.8982016
2357.305609
2357.305609
2357.305609
2365.51381721
2365.51381721
2365.51381721
2365.51381721
2368.71702042
2376.72502842
2376.72502842
2381.32963303
2383.43173513
2383.43173513
2394.64294634
2399.44775115
2399.44775115
2414.76306646
2414.76306646
2414.76306646
2420.66897237
2428.57688028
2428.57688028
2428.57688028
2439.68799139
2453.8021055
2453.8021055
2453.8021055
2466.51481821
2469.11742082
2473.32162502
2475.92422762
2475.92422762
2475.92422762
2475.92422762
2475.92422762
2477.72602942
2484.73303643
2484.73303643
2496.14444784
2496.14444784
2505.25355695
2513.06136476
2513.06136476
2516.66496836
2516.66496836
2519.16747087
2531.78008348
2533.58188528
2537.68598938
2548.2966
2556.4047081
2560.90921261
2568.51682022
2577.82612952
2587.03533873
2591.84014354
2591.84014354
2601.85015355
2603.25155495
2603.25155495
2610.95926266
2610.95926266
2619.36767107
2619.36767107
2619.36767107
2619.36767107
2629.07738078
2632.58088428
2634.28258598
2637.78608948
2641.89019359
2641.89019359
2641.89019359
2650.6990024
2656.8051085
2665.21351691
2667.61591931
2673.22152492
2676.32462802
2676.32462802
2684.33263603
2684.33263603
2691.84014354
2696.44474814
2698.04634975
2698.04634975
2703.85215555
2708.85716056
2708.85716056
2719.56787127
2721.97027367
2727.97627968
2732.48078418
2735.18348688
2743.89219559
2753.5018052
2758.50681021
2770.31862202
2770.31862202
2775.32362702
2775.32362702
2778.22652993
2779.42773113
2781.62993333
2790.83914254
2796.44474814
2796.44474814
2807.25555895
2807.25555895
2812.96126466
2829.97828168
2839.48779119
2847.49579919
2849.6980014
2857.8061095
2857.8061095
2860.90921261
2866.11441781
2873.92222562
2877.92622963
2887.13543883
2889.83814154
2889.83814154
2892.04034374
2894.14244584
2894.14244584
2896.44474814
2910.85916256
2919.86817157
2922.87117457
2922.87117457
2928.07637978
2928.07637978
2928.07637978
2929.87818158
2929.87818158
2933.68198538
2937.18548888
2945.99429769
2945.99429769
2948.1964999
2948.1964999
2951.9002036
2953.7020054
2957.7060094
2962.21051391
2970.01832172
2981.62993333
2992.54084424
2994.84314654
2994.84314654
2994.84314654
2994.84314654
3004.15245585
3004.15245585
3004.15245585
3018.26656997
3018.26656997
3018.26656997
3029.07738078
3031.17948288
3031.17948288
3031.17948288
3038.18648989
3038.18648989
3045.59389729
3053.1014048
3061.81011351
3072.22052392
3072.22052392
3076.22452792
3076.22452792
3084.93323663
3089.23754094
3092.44074414
3104.95325665
3107.15545885
3110.25856196
3112.46076416
3118.36667007
3122.77107447
3130.97928268
3145.09339679
3154.1024058
3162.81111451
3165.71401741
3165.71401741
3177.42572912
3179.12743083
3182.83113453
3185.63393733
3188.53684024
3199.94825165
3209.25756096
3215.76406746
3215.76406746
3217.46576916
3218.66697037
3218.66697037
3218.66697037
3218.66697037
3220.36867207
3222.07037377
3234.78308648
3236.88518858
3239.68799139
3247.79609949
3258.00630971
3266.31461801
3274.42272612
3278.52683023
3285.53383723
3296.74504844
3309.45776116
3309.45776116
3309.45776116
3309.45776116
3309.45776116
3317.06536876
3321.46977317
3325.67397737
3335.48378718
3343.49179519
3345.49379719
3354.8031065
3357.2055089
3357.2055089
3357.2055089
3357.2055089
3368.51682022
3370.91922262
3379.22753093
3379.22753093
3384.23253593
3384.23253593
3388.23653994
3396.74504844
3396.74504844
3396.74504844
3410.05836176
3415.06336676
3428.27657998
3437.18548888
3437.18548888
3447.9962997
3450.0984018
3452.4007041
3455.0033067
3459.70801141
3459.70801141
3459.70801141
3459.70801141
3471.41972312
3478.22652993
3478.22652993
3482.73103443
3488.93724064
3498.74705045
3505.85415755
3508.35666006
3520.56887227
3524.87317657
3532.18048388
3541.08939279
3553.0013047
3560.60891231
3565.11341681
3565.11341681
3576.92522862
3576.92522862
3590.03834174
3592.94124464
3592.94124464
3598.34665005
3603.85215555
3608.45676016
3608.45676016
3613.46176516
3613.46176516
3613.46176516
3613.46176516
3618.56687027
3620.66897237
3620.66897237
3622.87117457
3630.57888228
3632.78108448
3632.78108448
3641.38969309
3641.38969309
3645.99429769
3653.9022056
3653.9022056
3661.30961301
3665.91421761
3669.91822162
3669.91822162
3673.92222562
3681.52983323
3689.03734074
3689.03734074
3689.03734074
3693.14144484
3706.35465805
3711.15946286
3719.96827167
3719.96827167
3722.17047387
3726.77507847
3726.77507847
3729.07738078
3742.79109449
3753.2015049
3757.2055089
3764.81311651
3772.82112452
3783.73203543
3783.73203543
3783.73203543
3789.73804144
3789.73804144
3797.74604944
3797.74604944
3797.74604944
3806.55485825
3806.55485825
3815.36366706
3819.46777117
3831.17948288
3833.78208548
3835.98428768
3842.39069409
3842.39069409
3842.39069409
3854.5028062
3862.61091431
3862.61091431
3876.02432772
3883.83213553
3883.83213553
3887.73603943
3889.53784124
3891.63994334
3891.63994334
3891.63994334
3891.63994334
3899.34765105
3906.45475815
3908.95726066
3914.26256596
3916.16446786
3921.77007347
3921.77007347
3921.77007347
3924.67297637
3932.18048388
3943.79209549
3947.19549889
3948.9973007
3954.0023057
3960.20851191
3964.31261601
3971.31962302
3974.02232572
3976.22452792
3981.42973313
3984.23253593
3984.23253593
3990.63894234
3990.63894234
3997.14544884
4005.35365705
4008.35666006
4020.56887227
4020.56887227
4022.97127467
4033.38168508
4045.49379719
4045.49379719
4045.49379719
4050.9993027
4055.4037071
4057.6059093
4060.40871211
4060.40871211
4064.91321661
4064.91321661
4070.61892232
4074.02232572
4074.02232572
4078.92723063
4083.63193533
4095.14344684
4106.85515855
4111.45976316
4111.45976316
4111.45976316
4123.27157497
4129.77808148
4131.37968308
4139.58789129
4144.89319659
4144.89319659
4147.39569909
4152.6009043
4157.305609
4157.305609
4166.51481821
4166.51481821
4174.32262602
4177.62592932
4177.62592932
4185.83413753
4195.94424764
4195.94424764
4200.24855195
4207.25555895
4218.36667007
4226.97527867
4229.17748088
4238.68699039
4243.09139479
4245.99429769
4256.1044078
4258.80711051
4258.80711051
4263.81211551
4263.81211551
4265.81411751
4270.61892232
4270.61892232
4270.61892232
4278.62693033
4278.62693033
4288.33664004
4300.64895235
4313.26156496
4313.26156496
4321.46977317
4329.27758098
4338.08638979
4342.59089429
4342.59089429
4348.4968002
4355.9042076
4355.9042076
4360.10841181
4371.21952292
4371.21952292
4371.21952292
4371.21952292
4371.21952292
4384.03233573
4391.13944284
4395.64394734
4399.04735075
4400.34865205
4400.34865205
4408.85716056
4411.15946286
4414.86316656
4417.86616957
4417.86616957
4418.36667007
4418.36667007
4427.57587927
4429.87818158
4438.48679019
4445.89419759
4457.305609
4464.31261601
4469.01732072
4469.01732072
4476.72502842
4476.72502842
4484.73303643
4484.73303643
4484.73303643
4487.53583923
4495.24354694
4498.94725065
4509.55786126
4509.55786126
4513.46176516
4513.46176516
4518.86717057
4527.57587927
4536.58488828
4540.68899239
4540.68899239
4546.69499839
4547.79609949
4552.5008042
4552.5008042
4560.80911251
4566.81511851
4566.81511851
4566.81511851
4568.71702042
4571.31962302
4571.31962302
4571.31962302
4579.32763103
4587.93623964
4587.93623964
4598.34665005
4598.34665005
4601.54985325
4603.75205545
4608.75706046
4613.56186526
4614.86316656
4623.77207547
4625.47377717
4625.47377717
4625.47377717
4628.57688028
4631.98028368
4631.98028368
4631.98028368
4634.38268608
4634.38268608
4634.38268608
4637.38568908
4637.38568908
4643.79209549
4651.299603
4653.1014048
4661.91021361
4666.21451791
4666.21451791
4675.32362702
4677.42572912
4679.82813153
4693.54184524
4693.54184524
4699.74805145
4702.25055395
4712.36066406
4720.96927267
4720.96927267
4723.57187527
4724.67297637
4727.67597937
4736.38468808
4741.79009349
4741.79009349
4745.89419759
4745.89419759
4748.7971005
4752.8011045
4752.8011045
4756.1044078
4756.1044078
4765.91421761
4765.91421761
4772.72102442
4775.72402742
4785.53383723
4788.93724064
4798.64695035
4800.54885225
4811.86016356
4820.16847187
