0.544260183555
0.376376183051
0.269936946002
0.196993078112
0.199391828551
0.230518933606
0.178552657451
0.177698939763
0.145211455441
0.124343559676
0.108974381418
0.0979047366809
0.104275300902
0.0874943518443
0.100780976319
0.0803861249035
0.0793854406685
0.0992627997173
0.0833379198012
0.0804101550485
0.0764347498563
0.0915427160635
0.0913698589576
0.0959106515601
0.0982914810018
0.0921744226968
0.0923145590635
0.0967588999974
0.089612960677
0.0908809041351
0.0939885746786
0.0969433656899
0.095611198048
0.0958791743632
0.0908213385209
0.0965486897838
0.0957722271238
0.0901236568403
0.0930763829515
0.100067359682
0.0961574036552
0.0956530401687
0.0961637299293
0.100227590306
0.0904790585672
0.0954789231031
0.0916256087238
0.0943412152794
0.0899901738585
0.0797544457969
0.0875255837935
0.0821576376624
0.0825617925814
0.0927904421642
0.0865587532006
0.0922253059565
0.0875157194002
0.092868504922
0.088681144076
0.0886992343926
0.0948928665639
0.0851698251098
0.0888138072956
0.0887062609908
0.0871784974386
0.0877565681877
0.0850852895246
0.0909652074927
0.0822886782643
0.0852143599219
0.0824415291791
0.0838436445453
0.0809774832582
0.0763581601588
0.0765919498053
0.0791251618762
0.0766188443853
0.0824605993413
0.07765085236
0.0772978909172
0.0909000634667
0.0864520883508
0.0841442519148
0.0866156403909
0.087061154955
0.0852846969115
0.0832854021657
0.0844600910571
0.0872461963908
0.0824353075675
0.0837296179265
0.0807687908926
0.078587541636
0.0812921733192
0.0774377992574
0.0792727048583
0.0810881946927
0.0875229308159
0.0851567117593
0.0870541723297
0.0870522095912
0.0895776482075
0.0887572013883
0.0909981297243
0.0907539154357
0.0815302421973
0.0810445498119
0.0817326953717
0.0823547984455
0.0778866492947
0.0808042598366
0.0815081065299
0.0892495434479
0.0864915460609
0.0920756470887
0.0932206141488
0.0878533171002
0.0875268452951
0.0870487931623
0.0887947198865
0.0900152591168
0.0794225263103
0.0941152295616
0.0978971078327
0.092256123315
0.0888140534321
0.0812045844371
0.0866898370496
0.0828311487762
0.0808423621266
0.0829586138372
0.0844816772712
0.0855753779383
0.0826572331657
0.0815501597111
0.0789781449616
0.0804581500357
0.0890501742896
0.0767144703122
0.0780475963124
0.0796025945431
0.0783013043495
0.078594606802
0.0829990154579
0.0857249085088
0.0845211488547
0.0855034997348
0.0814049134475
0.08194170318
0.0809148239032
0.0804620853925
0.0811345729273
0.0832878285585
0.0822358105791
0.0722244509277
0.0790451202282
0.0766006106058
0.079529721967
0.0769579896957
0.0822293907757
0.0810558670555
0.085212296382
0.0824708881947
0.0801056129961
0.0797228897599
0.0830439485325
0.0802384868161
0.0761260898454
0.0740419729962
0.0666148841413
0.0713384135403
0.0798695224183
0.0802629082478
0.0751632712747
0.0721246562135
0.0756284153174
0.0715715501617
0.0705751547219
0.0731151607781
0.0701962768603
0.0799710559378
0.0757649465905
0.0778563911179
0.0786971510902
0.0776150231603
0.0726954754008
0.0722142708579
0.0590327655043
0.0636017339921
0.0635043859579
0.0597395664622
0.0817417905408
0.0722494695704
0.0729837336369
0.0765977469744
0.07526494939
0.0679682992854
0.0742465101586
0.0707199098204
0.0711353073958
0.0682142321896
0.0741708342072
0.0804841879954
0.0655825780127
0.0728577067276
0.0743232365151
0.0752970600501
0.0762258954188
0.0736165514994
0.0736246676477
0.0693434775886
0.07275540658
0.0664520355506
0.0731273691309
0.072310286203
0.070496815729
0.0671233748051
0.0753751439808
0.0743544146273
0.0752772840246
0.0736913795325
0.0765919673766
0.0744992622082
0.0752999230365
0.0780773398606
0.0732149141845
0.0844785136851
0.0763958160388
0.0820755902429
0.0824392310176
0.0835991636059
0.0818193889579
0.0759008528297
0.0784631623729
0.0799075430205
0.0769773842021
0.0750193971338
0.0778610741325
0.0804433854548
0.0744724920791
0.0757087109546
0.0734811674651
0.0789264852066
0.0753529493295
0.0728792427884
0.0748332486966
0.0704310455838
0.0758181228863
0.0756545739407
0.0699065561425
0.0719381399939
0.07218464213
0.0720057599497
0.0828681904066
0.0820276097247
0.0774822240634
0.0832241655393
0.0807281581156
0.0814100031009
0.0802386021005
0.0844442252842
0.0778100969816
0.0782047492737
0.0801155321335
0.0805150658702
0.0798868604744
0.0876607991143
0.0817165194014
0.076741077947
0.0717646876829
0.0693909378627
0.0764271178989
0.0764624058508
0.0721722502449
0.0791891375014
0.0782651651089
0.0754858850926
0.0819111292136
0.0771682006762
0.0828825260222
0.0828879142363
0.0861618417508
0.0871032393838
0.0839304144007
0.0836755561586
0.0880443500408
0.0853954096165
0.0810297879154
0.0761421841301
0.0738324883816
0.0764665219795
0.0787962940419
0.0783354691582
0.0799711995567
0.0796749372047
0.0803105188534
0.0765805280542
0.0828702669432
0.0759368404702
0.0743143418292
0.0718286776976
0.0746491492211
0.0739496589571
0.0748595055175
0.073395271722
0.0827963241487
0.0780048601856
0.0790201806307
0.081183177179
0.0816987674431
0.078210647395
0.078311793744
0.0811792768881
0.0767578680452
0.0787524811757
0.0764632684308
0.0781441971364
0.0806764885148
0.0785752746624
0.0766253983963
0.0776787542765
0.0752613621719
0.07545390889
0.0781784291263
0.0849070758712
0.0829526725169
0.0829202936968
0.0811512345079
0.0860336318158
0.0888637243456
0.0838208222504
0.0817720248763
0.0791069290182
0.0821988542085
0.0790977178741
0.0841302412206
0.0810516252435
0.0842883106786
0.0832842841998
0.0872625695917
0.0810697186795
0.0867549583525
0.084498240576
0.0860609981143
0.0825119024354
0.0786116282145
0.0746713766418
0.0791532652782
0.0815091007246
0.0851207222124
0.0820159355816
0.0776860199962
0.0840383647538
0.0805287289983
0.0825243498978
0.0849773624658
0.0815809364107
0.0805578448298
0.0841724217043
0.0788995298325
0.0800871982095
0.0883328669685
0.0829327935142
0.0796730290178
0.0831972681834
0.0786306560736
0.0825483781412
0.0834952154984
0.0800338324961
0.0802345964266
0.0807630574528
0.0845788411698
0.0794486153435
0.0772610688988
0.0807456980825
0.0793670585557
0.0808870550212
0.0796819581815
0.0839802364105
0.0805872864881
0.0869588911107
0.0775406735926
0.0807404069975
0.0804678830095
0.0806821281475
0.0781213645444
0.0792366766954
0.0813545416781
0.0792751274105
0.0761495480529
0.0817396139732
0.0840681992004
0.0832597632903
0.0832751949909
0.0805039883967
0.0813792473447
0.0802800134591
0.0786531725415
0.0811164751372
0.0782197623355
0.0811327455822
0.0826431012787
0.0871758399438
0.085874253728
0.0839804593471
0.0822216128357
0.0853358062692
0.080883520047
0.0768527446752
0.0777855406024
0.0802542304112
0.0801162725359
0.0746958468451
0.0753232105401
0.0753788238682
0.0765754050496
0.0775736402817
0.0743179805455
0.0793136092478
0.0818606117603
0.0822023899946
0.0844111797619
0.0825551747683
0.0836098834095
0.0823899556838
0.0837106152167
0.082577448559
0.0807708813353
0.0836439864853
0.0795584861675
0.0774751891973
0.0766223610034
0.0872000610325
0.0844841311894
0.0813543179535
0.0676162085219
0.0792671448516
0.0741107088514
0.0787770222582
0.0793130317081
0.0788041797176
0.0795240058091
0.0756659484904
0.0759071340207
0.0769803158117
0.076001178055
0.0733596751514
0.0821190704481
0.0783707047131
0.0795698238374
0.0788717667819
0.0778802279799
0.0759403142769
0.0807629220549
0.0803768993296
0.0750073458938
0.0774060251742
0.0762603517992
0.0783589450834
0.0762438819521
0.0763290609123
0.0857972484847
0.0844305360017
0.0851470901664
0.0850665338385
0.0866369983909
0.0874046602814
0.0735689781718
0.0789641762096
0.0820405243211
0.0764148996416
0.0849739389929
0.0767277309
0.0732545500417
0.0769368610074
0.077159887744
0.0783658070077
0.0761248395933
0.0788782629345
0.0732775694835
0.0837742355616
0.0769947257798
0.0737837095232
0.0751839331984
0.0768104872576
0.0803943354455
0.0816160069248
0.0798258706108
0.0775885433648
0.0765948390827
0.076913778207
0.0758706518153
0.0774686270958
0.0762381886186
0.0744819558034
0.0704646673518
0.0725562839033
0.0772232480138
0.0776671265016
0.074646392836
0.0752530370608
0.0788867260227
0.0804499699764
0.0807142909944
0.0818460399138
0.0770179999086
0.0808371967412
0.0710687787788
0.0747556786948
0.0765499336822
0.0853680159868
0.0788701472462
0.0806704142958
0.0786148036854
0.0767723447804
0.0715427457151
0.0726911084056
0.0742837723905
0.0713387250306
0.0726480167896
0.0732491477661
0.0739312894101
0.0748538546723
0.0743016555207
0.0722887144717
0.0714894480751
0.0729884967672
0.0741358516403
0.074324178449
0.0746540606553
0.0745818231252
0.0765740238308
0.0758414749223
0.0721441317703
0.0765380516431
0.0768358235842
0.0729085888135
0.0718303156231
0.0737001579165
0.067568080859
0.0711052215844
0.0723524646463
0.0742762208243
0.0721063232369
0.0703464424013
0.068829948641
0.0683367901841
0.0715477430578
0.071874436098
0.069238051461
0.0715471542343
0.0740825642948
0.0720067779661
0.074719753443
0.0740670336475
0.0733489195664
0.0709473302507
0.0734643023393
0.0759989630043
0.0758334491255
0.0713901429718
0.0779383611336
0.0780803125561
0.0795974937282
0.0798125006899
0.0792732950183
0.0702882332048
0.0758973060202
0.0729889318912
0.0716474675622
0.0754368642279
0.07275588478
0.0692165100912
0.0728500647004
0.0691738153864
0.0709778794078
0.0718423561768
0.0749775219433
0.0758572155798
0.0717339511577
0.0722674246061
0.0763004559316
0.076488096376
0.0749075697153
0.0758646511694
0.0746587566989
0.0731709777947
0.0754501748675
0.073979339978
0.0774892074731
0.0714814890971
0.0747666023207
0.0734476708129
0.0759977850421
0.0688754082885
0.0738462714927
0.0709944200364
0.07277504352
0.0750257366813
0.0732622906843
0.0674039750032
0.0711480490832
0.0672693255564
0.0669395001809
0.0695616190461
0.0728797936975
0.0710456700602
0.068960371382
0.0709266460244
0.0670267280367
0.070298048187
0.0699152573301
0.0665914243892
0.0680654585189
0.0674405645786
0.0696159170704
0.06846442719
0.0701863016035
0.0662623659117
0.0661266917262
0.0664411298735
0.065415153315
0.0760778559362
0.0719201213704
0.0748037550803
0.0735981340649
0.0705964879704
0.0740436237271
0.0744542646817
0.0742773007834
0.0727058408076
0.0703694692991
0.0702120203264
0.0676208535565
0.0691362334045
0.0685696137739
0.0728686531766
0.0725403866086
0.0738513861289
0.0738721384566
0.0717547319191
0.0718309358015
0.0704059268904
0.0714403959411
0.0692880154301
0.0708121576276
0.0708026559058
0.0732362126681
0.0730594973517
0.0728949049786
0.0729481708342
0.0735522860999
0.0681925680999
0.0743118263337
0.0756133432219
0.0729206366139
0.0686574700643
0.0667724408767
0.0701419141198
0.0668367075917
0.0713570052674
0.0726997636888
0.0682502407007
0.0687269666084
0.0671977353753
0.0675039650054
0.072488194808
0.06867914917
0.0679812222688
0.0680276522323
0.0711214080447
0.0698144042092
0.073838025757
0.0746835821728
0.0728509223551
0.0680939968293
0.0693944676675
0.0719258310313
0.0708839133203
0.0688884458528
0.0712793663995
0.0694556096199
0.0719377306081
0.0691784338609
0.0737889089536
0.0714224388418
0.0684885829315
0.0715180481994
0.0704297381041
0.0711314427033
0.0751391505974
0.0743245657497
0.0748826502785
0.0728325816918
0.0707187326671
0.0685924400724
0.0750530441892
0.0690924644609
0.0698174131639
0.0748175953039
0.0704306071841
0.0727690255081
0.0704357273496
0.0746487776584
0.0741941221058
0.0761093673461
0.0731423302075
0.0763792219579
0.0672532814749
0.0675403414386
0.0725456757111
0.0710185817568
0.0695969709182
0.066410825867
0.0680292239293
0.0724597381744
0.0703444928603
0.0698272499036
0.0706906958921
0.0713696768284
0.0734111156314
0.0676175316751
0.0720883275644
0.0744865608913
0.0721975847959
0.0674974396611
0.0711883775392
0.0712888555042
0.0727138865765
0.0691568611416
0.0701955380892
0.0698419456692
0.0714069458842
0.0711527304778
0.0709223630869
0.070158920661
0.0682726971308
0.0731118267585
0.0747133292427
0.073281122068
0.069438682797
0.0657709515097
0.0718006919829
0.0717986267378
0.0764796855155
0.0744570102046
0.0759299614214
0.0701005657185
0.0734550899074
0.0732256181135
0.0723606986539
0.0717007534516
0.070756726863
0.0679124664795
0.0693561176428
0.0666096090616
0.067491567431
0.0684047981012
0.0716494883931
0.0728924576171
0.0717724426008
0.073552588421
0.0717287372195
0.0720248526539
0.0679093157231
0.071073356718
0.0720489189832
0.0701280076139
0.0722848015201
0.0729570901294
0.0723160262864
0.0718041088163
0.0739388392499
0.0754529153462
0.0735786631317
0.0726246887676
0.0746855462888
0.0735387926801
0.0722712238027
0.0676915955892
0.0697727369613
0.0651706127362
0.0681299497131
0.069243938792
0.0700876691986
0.0672537114489
0.0699051980148
0.0642983923178
0.0724884419243
0.0685570129044
0.0693205326138
0.0694438121023
0.0708825731507
0.0716093257608
0.0720392231468
0.07021928276
0.072761197522
0.0692789590814
0.0705978374432
0.0705417451482
0.0692498050594
0.0722942889433
0.0715902584268
0.0743455047655
0.072175281042
0.0710065010694
0.0700421113471
0.0709990182403
0.0706351315032
0.0708694619325
0.0736814957512
0.0711859086616
0.0711092293708
0.0697994326407
0.0668861701742
0.0701253520275
0.0707040409326
0.0695302552156
0.0724880512613
0.0687783299425
0.0692319387804
0.0703256629042
0.0743822633901
0.0751540174136
0.0728177999289
0.0725298413459
0.0676320858652
0.0719970659
0.0669194529973
0.0707843739218
0.0694304794725
0.0715482914567
0.0695877909487
0.066062714481
0.0692411362525
0.0728895178285
0.074048314745
0.0724359005048
0.0713870634317
0.0710683021479
0.0737793790819
0.0747139314573
0.0711238331986
0.0729319141372
0.0666235501912
0.0651377620277
0.0673140617731
0.0651464526409
0.0626268715094
0.0700538273708
0.0722977531153
0.071583431169
0.0739948257779
0.0729429207814
0.0690643571899
0.0697561834481
0.0678557923608
0.070571471489
0.0709572905048
0.0679277603526
0.0688702150844
0.0658922803338
0.0672903927758
0.0686025062915
0.0679468027646
0.0704068950258
0.0660767239867
0.0733191936999
0.0698983083508
0.0688865933442
0.0705656523174
0.0667128549111
0.0684964450119
0.0687171103242
0.0703162764078
0.0681710693503
0.0668685033928
0.0689213270364
0.0707260029704
0.0646504136029
0.0660717972694
0.0672815579658
0.0699237061457
0.0680816686795
0.0686531616772
0.0632777817914
0.0685743938532
0.0697519057798
0.0667528698088
0.0681359412138
0.0650445115889
0.0660941897008
0.0654896641032
0.0675649363639
0.0667376496399
0.0674848612675
0.067400569906
0.0669812465137
0.0678048761086
0.0685628019737
0.0714478883101
0.0675103812108
0.0639469789992
0.0663798962374
0.063838064105
0.06206355218
0.0622901983854
0.062140224513
0.0644321987394
0.0646409473344
0.0600726952961
0.060795976352
0.066037371424
0.0728495152013
0.0693727582145
0.0673626527591
0.0703025142295
0.0716634820626
0.071678050184
0.0694243968419
0.0683753222606
0.0664243263605
0.0700257006763
0.0662209562529
0.0672959112148
0.0695890383573
0.0693212403161
0.0696610441019
0.0697548192142
0.0638975869904
0.0636826358844
0.0680909428377
0.066593312645
0.0675741557398
0.0657774833401
0.0644667631972
0.0678878270743
0.0673230294953
0.0689652462264
0.0693601441619
0.0648035205518
0.063932988196
0.0611765935106
0.0618276221228
0.0644612600393
0.0645659961591
0.0600958891843
0.0628211906666
0.0628983997742
0.0644485099459
0.0667124334661
0.0700964665466
0.0695279320702
0.0689665708855
0.0666420182933
0.0647858628366
0.0627916160917
0.0669708563541
0.0645753628134
0.0629316544552
0.0631560722918
0.0646699078918
0.064061226999
0.0658899274009
0.0639519935065
0.0606516804697
0.0625867760948
0.0655180936251
0.0662998465723
0.063828499717
0.0654371928172
0.0623420393457
0.0629018943483
0.0648714228604
0.064287025159
0.0629073975835
0.060940175945
0.0618186845343
0.0617053162317
0.0585339737104
0.0610316421279
0.0626912434422
0.0671088973269
0.0672766488404
0.0659177328802
0.0624785695168
0.0646289455393
0.064508819846
0.0648362659011
0.0653709919967
0.0647403205438
0.0664476083172
0.0660774614656
0.0654451253814
0.0644153189673
0.0663266947776
0.0658997746967
0.0658427338016
0.0622339866452
0.0648033843118
